[gd_scene load_steps=2 format=3 uid="uid://cmc53a6055j2u"]

[ext_resource type="PackedScene" uid="uid://cr48tqlh6y3jy" path="res://n_bone_ik/art/many_bone_ik_3_bone_chain.glb" id="1_cpwx0"]

[node name="many_bone_ik_3_bone_chain" instance=ExtResource("1_cpwx0")]

[node name="Skeleton3D" parent="Armature" index="0"]
bones/0/position = Vector3(-0.00265493, 0.0074012, -0.00129578)
bones/0/rotation = Quaternion(0.00742725, 0.0304333, -0.0141107, 0.99941)
bones/1/position = Vector3(1.58558e-07, 0.0926418, 1.23517e-07)
bones/1/rotation = Quaternion(0.0216981, 0.82847, -0.0209259, 0.559221)
bones/1/scale = Vector3(1, 1, 1)
bones/2/position = Vector3(-1.92784e-07, 0.107394, -8.56817e-08)
bones/2/rotation = Quaternion(-0.168348, -0.828757, 0.10631, 0.522991)
bones/2/scale = Vector3(1, 1, 1)
bones/3/position = Vector3(1.64658e-06, 0.10003, -1.05356e-08)
bones/3/rotation = Quaternion(-1.66769e-05, 8.39154e-05, -0.294349, 0.955698)
bones/4/position = Vector3(-8.41916e-07, 0.100014, 3.94671e-07)
bones/4/rotation = Quaternion(0.0120602, -0.0934588, 0.127562, 0.987344)
bones/5/position = Vector3(9.38773e-07, 0.0982163, 1.58325e-08)
bones/5/rotation = Quaternion(-0.000682127, 0.0942039, -0.00721796, 0.995527)
bones/6/position = Vector3(-2.06288e-06, 0.100002, -2.4919e-08)
bones/6/rotation = Quaternion(7.3259e-07, -1.11931e-06, -0.000590771, 1)
bones/6/scale = Vector3(1, 1, 1)
bones/7/position = Vector3(-9.49949e-07, 0.100027, -1.10634e-08)
bones/7/rotation = Quaternion(-9.64427e-07, 3.30842e-07, 0.0188764, 0.999822)
bones/8/position = Vector3(-2.16812e-06, 0.100015, 4.25343e-07)
bones/8/rotation = Quaternion(-3.17191e-05, -1.17654e-05, 0.789435, 0.613834)
bones/9/position = Vector3(5.33462e-06, 0.100029, 1.46691e-07)
bones/9/rotation = Quaternion(8.55554e-07, -3.93661e-06, -0.0712503, 0.997458)
bones/10/position = Vector3(4.91738e-06, 0.100029, -7.12632e-09)
bones/10/rotation = Quaternion(-1.31592e-07, -4.0264e-07, -0.378898, 0.925439)
bones/11/position = Vector3(-1.75834e-06, 0.100034, 8.49855e-09)
bones/11/rotation = Quaternion(-3.23897e-07, -2.38348e-07, -0.131901, 0.991263)

[node name="ManyBoneIK3D" type="ManyBoneIK3D" parent="Armature/Skeleton3D" index="1"]
iterations_per_frame = 10.0
default_damp = 0.785398
filter_bones = [&"LeftIndexProximal", &"LeftLittleProximal", &"LeftMiddleProximal", &"LeftRingProximal", &"LeftThumbMetacarpal", &"RightIndexProximal", &"RightLittleProximal", &"RightMiddleProximal", &"RightRingProximal", &"RightThumbMetacarpal", &"RightToes", &"LeftToes", &"RightEye", &"LeftEye"]
pin_count = 12
pins/0/bone_name = "A0"
pins/0/target_node = NodePath("A0")
pins/0/passthrough_factor = 0.0
pins/0/weight = 1.0
pins/0/direction_priorities = Vector3(0.2, 0, 0.2)
pins/1/bone_name = "A1"
pins/1/target_node = NodePath("A1")
pins/1/passthrough_factor = 1.0
pins/1/weight = 1.0
pins/1/direction_priorities = Vector3(0.2, 0, 0.2)
pins/2/bone_name = "A2"
pins/2/target_node = NodePath("A2")
pins/2/passthrough_factor = 1.0
pins/2/weight = 1.0
pins/2/direction_priorities = Vector3(0.2, 0, 0.2)
pins/3/bone_name = "A3"
pins/3/target_node = NodePath("A3")
pins/3/passthrough_factor = 1.0
pins/3/weight = 1.0
pins/3/direction_priorities = Vector3(0.2, 0, 0.2)
pins/4/bone_name = "B0"
pins/4/target_node = NodePath("B0")
pins/4/passthrough_factor = 1.0
pins/4/weight = 1.0
pins/4/direction_priorities = Vector3(0.2, 0, 0.2)
pins/5/bone_name = "B1"
pins/5/target_node = NodePath("B1")
pins/5/passthrough_factor = 1.0
pins/5/weight = 1.0
pins/5/direction_priorities = Vector3(0.2, 0, 0.2)
pins/6/bone_name = "B2"
pins/6/target_node = NodePath("B2")
pins/6/passthrough_factor = 1.0
pins/6/weight = 1.0
pins/6/direction_priorities = Vector3(0.2, 0, 0.2)
pins/7/bone_name = "B3"
pins/7/target_node = NodePath("B3")
pins/7/passthrough_factor = 1.0
pins/7/weight = 1.0
pins/7/direction_priorities = Vector3(0.2, 0, 0.2)
pins/8/bone_name = "C0"
pins/8/target_node = NodePath("C0")
pins/8/passthrough_factor = 1.0
pins/8/weight = 1.0
pins/8/direction_priorities = Vector3(0.2, 0, 0.2)
pins/9/bone_name = "C1"
pins/9/target_node = NodePath("C1")
pins/9/passthrough_factor = 1.0
pins/9/weight = 1.0
pins/9/direction_priorities = Vector3(0.2, 0, 0.2)
pins/10/bone_name = "C2"
pins/10/target_node = NodePath("C2")
pins/10/passthrough_factor = 1.0
pins/10/weight = 1.0
pins/10/direction_priorities = Vector3(0.2, 0, 0.2)
pins/11/bone_name = "C3"
pins/11/target_node = NodePath("C3")
pins/11/passthrough_factor = 1.0
pins/11/weight = 1.0
pins/11/direction_priorities = Vector3(0.2, 0, 0.2)
constraint_count = 12
constraints/0/bone_name = &"A0"
constraints/0/twist_from = 0.0
constraints/0/twist_range = 6.28318
constraints/0/kusudama_limit_cone_count = 0
constraints/0/kusudama_twist = Transform3D(1, 0, 0, 0, 1, 0, 0, 0, 1, 0, 0, 0)
constraints/0/kusudama_orientation = Transform3D(1, 0, 0, 0, 1, 0, 0, 0, 1, -0.00265493, 0.0074012, -0.00129578)
constraints/0/bone_direction = Transform3D(1, -1.71152e-06, -1.14097e-12, 1.71152e-06, 1, 1.33328e-06, -1.14096e-12, -1.33328e-06, 1, 0, 0, 0)
constraints/1/bone_name = &"A1"
constraints/1/twist_from = 0.0
constraints/1/twist_range = 6.28318
constraints/1/kusudama_limit_cone_count = 0
constraints/1/kusudama_twist = Transform3D(0.996664, 0.0816136, 0.000369626, -0.0816137, 0.996623, 0.00904267, 0.000369626, -0.00904266, 0.999959, 1.58558e-07, 0.0926418, 1.23517e-07)
constraints/1/kusudama_orientation = Transform3D(1, -2.1684e-19, 6.93889e-18, -4.33681e-19, 1, 0, -6.93889e-18, -1.73472e-18, 1, 1.58558e-07, 0.0926418, 1.23517e-07)
constraints/1/bone_direction = Transform3D(1, 1.79511e-06, -6.11289e-13, -1.79511e-06, 1, -7.97827e-07, -7.24698e-13, 7.97826e-07, 1, 0, 0, 0)
constraints/2/bone_name = &"A2"
constraints/2/twist_from = 0.0
constraints/2/twist_range = 6.28318
constraints/2/kusudama_limit_cone_count = 0
constraints/2/kusudama_twist = Transform3D(0.98475, 0.170999, 0.0320356, -0.170999, 0.917452, 0.359223, 0.0320356, -0.359223, 0.932702, -1.92784e-07, 0.107394, -8.56817e-08)
constraints/2/kusudama_orientation = Transform3D(1, 5.32614e-18, 0, -1.01644e-19, 1, -5.32953e-18, 5.55112e-17, 1.29461e-17, 1, -1.92784e-07, 0.107394, -8.56817e-08)
constraints/2/bone_direction = Transform3D(1, -1.64609e-05, 1.34339e-12, 1.64609e-05, 1, -1.05324e-07, 8.43776e-13, 1.05324e-07, 1, 0, 0, 0)
constraints/3/bone_name = &"A3"
constraints/3/twist_from = 0.0
constraints/3/twist_range = 6.28318
constraints/3/kusudama_limit_cone_count = 0
constraints/3/kusudama_twist = Transform3D(0.87167, 0.490094, 2.81394e-05, -0.490094, 0.87167, 0.000107523, 2.81573e-05, -0.000107533, 1, 1.64658e-06, 0.10003, -1.05356e-08)
constraints/3/kusudama_orientation = Transform3D(1, -1.43849e-17, -2.71051e-20, 6.5675e-17, 1, 0, -2.71051e-20, 0, 1, 1.64658e-06, 0.10003, -1.05356e-08)
constraints/3/bone_direction = Transform3D(1, 1.5048e-05, 3.06741e-11, -1.5048e-05, 1, 4.09948e-06, 3.03175e-11, -4.09948e-06, 1, 0, 0, 0)
constraints/4/bone_name = &"B0"
constraints/4/twist_from = 0.0
constraints/4/twist_range = 6.28318
constraints/4/kusudama_limit_cone_count = 0
constraints/4/kusudama_twist = Transform3D(0.994178, -0.107752, -1.29612e-06, 0.107752, 0.994178, 2.40101e-05, -1.29711e-06, -2.40058e-05, 1, -8.41916e-07, 0.100014, 3.94671e-07)
constraints/4/kusudama_orientation = Transform3D(1, -1.87541e-17, 0, -1.75187e-17, 1, -6.77626e-21, 0, -6.77626e-21, 1, -8.41916e-07, 0.100014, 3.94671e-07)
constraints/4/bone_direction = Transform3D(1, -9.55822e-06, -5.28522e-13, 9.55823e-06, 1, 1.61201e-07, -7.78488e-13, -1.612e-07, 1, 0, 0, 0)
constraints/5/bone_name = &"B1"
constraints/5/twist_from = 0.0
constraints/5/twist_range = 6.28318
constraints/5/kusudama_limit_cone_count = 0
constraints/5/kusudama_twist = Transform3D(0.998563, -0.0535898, 0.000274441, 0.0535898, 0.998511, -0.0102346, 0.00027444, 0.0102346, 0.999948, 9.38773e-07, 0.0982163, 1.58325e-08)
constraints/5/kusudama_orientation = Transform3D(1, -1.20936e-17, 0, 9.12477e-18, 1, 5.58618e-19, -2.77556e-17, 7.53859e-19, 1, 9.38773e-07, 0.0982163, 1.58325e-08)
constraints/5/bone_direction = Transform3D(1, 2.06284e-05, -2.88177e-12, -2.06284e-05, 1, -2.49185e-07, -2.56493e-12, 2.49185e-07, 1, 0, 0, 0)
constraints/6/bone_name = &"B2"
constraints/6/twist_from = 0.0
constraints/6/twist_range = 6.28318
constraints/6/kusudama_limit_cone_count = 0
constraints/6/kusudama_twist = Transform3D(0.998463, -0.055428, -9.39537e-08, 0.055428, 0.998463, 3.41773e-06, -9.48022e-08, -3.4181e-06, 1, -2.06288e-06, 0.100002, -2.4919e-08)
constraints/6/kusudama_orientation = Transform3D(1, -2.06168e-19, 0, 7.07451e-18, 1, 4.23516e-22, 0, 0, 1, -2.06288e-06, 0.100002, -2.4919e-08)
constraints/6/bone_direction = Transform3D(1, 9.49693e-06, -6.64654e-13, -9.49692e-06, 1, -1.10604e-07, -5.18584e-13, 1.10604e-07, 1, 0, 0, 0)
constraints/7/bone_name = &"B3"
constraints/7/twist_from = 0.0
constraints/7/twist_range = 6.28318
constraints/7/kusudama_limit_cone_count = 0
constraints/7/kusudama_twist = Transform3D(0.999871, 0.0160478, -1.42823e-08, -0.0160478, 0.999871, -1.75048e-06, -1.40475e-08, 1.75061e-06, 1, -9.49949e-07, 0.100027, -1.10634e-08)
constraints/7/kusudama_orientation = Transform3D(1, 9.75664e-19, -1.05879e-22, -8.95119e-21, 1, 0, 0, 0, 1, -9.49949e-07, 0.100027, -1.10634e-08)
constraints/7/bone_direction = Transform3D(1, 0, 0, 0, 1, 0, 0, 0, 1, 0, 0, 0)
constraints/8/bone_name = &"C0"
constraints/8/twist_from = 0.0
constraints/8/twist_range = 6.28318
constraints/8/kusudama_limit_cone_count = 0
constraints/8/kusudama_twist = Transform3D(-0.199476, -0.979902, -9.92489e-05, 0.979903, -0.199476, 8.11033e-05, -9.92132e-05, -8.10514e-05, 1, -2.16812e-06, 0.100015, 4.25343e-07)
constraints/8/kusudama_orientation = Transform3D(1, -1.87541e-17, 0, -1.75187e-17, 1, -6.77626e-21, 0, -6.77626e-21, 1, -2.16812e-06, 0.100015, 4.25343e-07)
constraints/8/bone_direction = Transform3D(1, -5.33307e-05, -3.71868e-11, 5.33307e-05, 1, 1.46648e-06, -3.91227e-11, -1.46648e-06, 1, 0, 0, 0)
constraints/9/bone_name = &"C1"
constraints/9/twist_from = 0.0
constraints/9/twist_range = 6.28318
constraints/9/kusudama_limit_cone_count = 0
constraints/9/kusudama_twist = Transform3D(0.982821, 0.184562, -2.88378e-07, -0.184562, 0.982821, -3.02624e-06, -2.82066e-07, 3.03035e-06, 1, 5.33462e-06, 0.100029, 1.46691e-07)
constraints/9/kusudama_orientation = Transform3D(1, -1.52812e-20, 0, 4.02125e-19, 1, 0, 0, 4.23516e-22, 1, 5.33462e-06, 0.100029, 1.46691e-07)
constraints/9/bone_direction = Transform3D(1, -4.91595e-05, 3.65977e-12, 4.91595e-05, 1, -7.12431e-08, 1.74269e-12, 7.12425e-08, 1, 0, 0, 0)
constraints/10/bone_name = &"C2"
constraints/10/twist_from = 0.0
constraints/10/twist_range = 6.28318
constraints/10/kusudama_limit_cone_count = 0
constraints/10/kusudama_twist = Transform3D(0.723242, 0.690594, -2.60159e-07, -0.690594, 0.723243, -5.71524e-07, -2.36649e-07, 5.90511e-07, 1, 4.91738e-06, 0.100029, -7.12632e-09)
constraints/10/kusudama_orientation = Transform3D(1, -5.66393e-17, 0, -3.01604e-17, 1, 0, -4.23516e-22, 1.27055e-21, 1, 4.91738e-06, 0.100029, -7.12632e-09)
constraints/10/bone_direction = Transform3D(1, 1.75774e-05, 1.08246e-13, -1.75774e-05, 1, 8.49563e-08, 7.91027e-13, -8.49566e-08, 1, 0, 0, 0)
constraints/11/bone_name = &"C3"
constraints/11/twist_from = 0.0
constraints/11/twist_range = 6.28318
constraints/11/kusudama_limit_cone_count = 0
constraints/11/kusudama_twist = Transform3D(0.966552, 0.256472, 2.10851e-07, -0.256472, 0.966552, 1.68938e-06, 2.20775e-07, -1.69283e-06, 1, -1.75834e-06, 0.100034, 8.49855e-09)
constraints/11/kusudama_orientation = Transform3D(1, -1.46906e-16, 3.17637e-22, 2.85497e-17, 1, 0, 3.17637e-22, 0, 1, -1.75834e-06, 0.100034, 8.49855e-09)
constraints/11/bone_direction = Transform3D(1, 0, 0, 0, 1, 0, 0, 0, 1, 0, 0, 0)
bone_count = 12
bone/0/bone_name = "A0"
bone/0/damp = 3.14159
bone/1/bone_name = "A1"
bone/1/damp = 3.14159
bone/2/bone_name = "A2"
bone/2/damp = 3.14159
bone/3/bone_name = "A3"
bone/3/damp = 3.14159
bone/4/bone_name = "B0"
bone/4/damp = 3.14159
bone/5/bone_name = "B1"
bone/5/damp = 3.14159
bone/6/bone_name = "B2"
bone/6/damp = 3.14159
bone/7/bone_name = "B3"
bone/7/damp = 3.14159
bone/8/bone_name = "C0"
bone/8/damp = 3.14159
bone/9/bone_name = "C1"
bone/9/damp = 3.14159
bone/10/bone_name = "C2"
bone/10/damp = 3.14159
bone/11/bone_name = "C3"
bone/11/damp = 3.14159

[node name="A0" type="Marker3D" parent="Armature/Skeleton3D/ManyBoneIK3D" index="0"]
transform = Transform3D(0.997749, 0.0286568, 0.0606215, -0.0277527, 0.999491, -0.0157047, -0.0610407, 0.0139869, 0.998037, -0.00265493, 0.0074012, -0.00129578)

[node name="A1" type="Marker3D" parent="Armature/Skeleton3D/ManyBoneIK3D" index="1"]
transform = Transform3D(0.997829, 0.057671, -0.0317865, -0.0576418, 0.998335, 0.00183559, 0.0318395, 6.06291e-07, 0.999493, 1.93249e-08, 0.0999999, 5.27361e-08)

[node name="A2" type="Marker3D" parent="Armature/Skeleton3D/ManyBoneIK3D" index="2"]
transform = Transform3D(0.999126, 0.0417938, 8.67993e-07, -0.0417939, 0.999126, -5.76256e-07, -8.45641e-07, 5.21482e-07, 1, 0.00619218, 0.207192, 1.16955e-07)

[node name="A3" type="Marker3D" parent="Armature/Skeleton3D/ManyBoneIK3D" index="3"]
transform = Transform3D(0.999127, 0.0417938, 8.48923e-07, -0.0417939, 0.999126, -5.75783e-07, -8.26569e-07, 5.21808e-07, 1, 0.0103716, 0.307105, 1.69104e-07)

[node name="B0" type="Marker3D" parent="Armature/Skeleton3D/ManyBoneIK3D" index="4"]
transform = Transform3D(0.981396, 0.041794, -0.187393, -0.0410525, 0.999126, 0.0078382, 0.187556, 5.41907e-07, 0.982253, 0.014551, 0.407017, 2.21443e-07)

[node name="B1" type="Marker3D" parent="Armature/Skeleton3D/ManyBoneIK3D" index="5"]
transform = Transform3D(0.99999, -0.00444674, 1.10269e-06, 0.00444666, 0.99999, -4.96861e-07, -1.10269e-06, 4.85219e-07, 1, 0.0186562, 0.505157, 2.68682e-07)

[node name="B2" type="Marker3D" parent="Armature/Skeleton3D/ManyBoneIK3D" index="6"]
transform = Transform3D(0.999816, 0.0191688, 1.73968e-07, -0.0191689, 0.999816, -4.99776e-07, -1.85345e-07, 4.79761e-07, 0.999999, 0.0182115, 0.605156, 3.17204e-07)

[node name="B3" type="Marker3D" parent="Armature/Skeleton3D/ManyBoneIK3D" index="7"]
transform = Transform3D(1, -1.17347e-07, 7.44966e-07, 5.4017e-08, 1, -4.9833e-07, -7.47113e-07, 4.81781e-07, 0.999999, 0.0201283, 0.705138, 3.6518e-07)

[node name="C0" type="Marker3D" parent="Armature/Skeleton3D/ManyBoneIK3D" index="8"]
transform = Transform3D(0.431693, -0.902021, 2.59493e-07, 0.90202, 0.431693, 1.6177e-07, -2.56503e-07, 1.15161e-07, 1, 0.0145512, 0.407017, 2.21284e-07)

[node name="C1" type="Marker3D" parent="Armature/Skeleton3D/ManyBoneIK3D" index="9"]
transform = Transform3D(-8.9407e-08, -1, -6.43939e-08, 1, -5.96047e-08, 9.83842e-08, -1.1827e-07, -1.09278e-07, 1, -0.0756511, 0.450187, 2.328e-07)

[node name="C2" type="Marker3D" parent="Armature/Skeleton3D/ManyBoneIK3D" index="10"]
transform = Transform3D(-8.94069e-08, -1, -6.43939e-08, 1, -5.96047e-08, 9.83843e-08, -1.1827e-07, -1.09278e-07, 1, -0.175651, 0.450187, 2.21873e-07)

[node name="C3" type="Marker3D" parent="Armature/Skeleton3D/ManyBoneIK3D" index="11"]
transform = Transform3D(0.93889, -0.344217, -6.43936e-08, 0.344217, 0.938891, 9.83843e-08, 6.70674e-09, -1.59422e-07, 1, -0.240719, 0.597752, 1.9706e-07)
