[gd_scene load_steps=10 format=4 uid="uid://d0bndvyxq2j7a"]

[ext_resource type="Script" path="res://phys/safe_area.gd" id="1_si5a5"]
[ext_resource type="Material" uid="uid://d1dcxbgx8kga7" path="res://materials/test_grid_grey.tres" id="2_o7et7"]

[sub_resource type="PhysicalSkyMaterial" id="PhysicalSkyMaterial_c5qv6"]
rayleigh_coefficient = 1.25
mie_eccentricity = 0.85
mie_color = Color(0.67451, 0.737255, 0.807843, 1)
ground_color = Color(0.317647, 0.247059, 0.160784, 1)
energy_multiplier = 4.0

[sub_resource type="Sky" id="Sky_bvtvx"]
sky_material = SubResource("PhysicalSkyMaterial_c5qv6")
radiance_size = 2

[sub_resource type="Environment" id="Environment_lipqr"]
background_mode = 2
sky = SubResource("Sky_bvtvx")
tonemap_mode = 3
tonemap_exposure = 1.2
tonemap_white = 5.0
ssao_enabled = true
ssao_intensity = 1.5
glow_normalized = true
glow_intensity = 0.33
glow_strength = 0.4
glow_bloom = 0.5
glow_blend_mode = 0
glow_hdr_threshold = 2.25
glow_hdr_luminance_cap = 24.0
fog_density = 0.0
fog_aerial_perspective = 1.0
fog_height = -0.5
fog_height_density = 0.5
volumetric_fog_enabled = true
volumetric_fog_density = 0.0125
volumetric_fog_anisotropy = 0.75
volumetric_fog_ambient_inject = 0.25
volumetric_fog_sky_affect = 0.887
adjustment_enabled = true
adjustment_contrast = 1.05
adjustment_saturation = 1.35

[sub_resource type="CameraAttributesPractical" id="CameraAttributesPractical_f2mhc"]

[sub_resource type="BoxShape3D" id="BoxShape3D_lhwli"]
size = Vector3(2048, 4096, 2048)

[sub_resource type="StandardMaterial3D" id="StandardMaterial3D_sprkn"]
albedo_color = Color(0.427451, 0.427451, 0.427451, 1)
roughness = 0.6

[sub_resource type="PlaneMesh" id="PlaneMesh_h7dqm"]
material = SubResource("StandardMaterial3D_sprkn")
size = Vector2(2000, 2000)

[node name="background" type="Node3D"]

[node name="WorldEnvironment" type="WorldEnvironment" parent="."]
environment = SubResource("Environment_lipqr")
camera_attributes = SubResource("CameraAttributesPractical_f2mhc")

[node name="DirectionalLight3D" type="DirectionalLight3D" parent="."]
transform = Transform3D(0.727426, -0.556744, 0.401108, -6.42695e-16, 0.584547, 0.81136, -0.686187, -0.590204, 0.425214, 0, 2.25026, 1.70259)
light_energy = 2.0
shadow_enabled = true
shadow_bias = 0.05
directional_shadow_split_1 = 0.05
directional_shadow_split_2 = 0.1
directional_shadow_split_3 = 0.25

[node name="Area3D" type="Area3D" parent="."]
script = ExtResource("1_si5a5")

[node name="CollisionShape3D" type="CollisionShape3D" parent="Area3D"]
transform = Transform3D(1, 0, 0, 0, 1, 0, 0, 0, 1, 2.08165e-12, 2023, 2.08165e-12)
shape = SubResource("BoxShape3D_lhwli")

[node name="MeshInstance3D" type="MeshInstance3D" parent="."]
transform = Transform3D(1, 0, 0, 0, 1, 0, 0, 0, 1, 0, -25.1617, 0)
mesh = SubResource("PlaneMesh_h7dqm")
skeleton = NodePath("../..")

[node name="Node3D" type="Node3D" parent="."]

[node name="CSGBox3D6" type="CSGBox3D" parent="Node3D"]
transform = Transform3D(0.789481, 0.613247, -0.0254668, -0.50722, 0.628496, -0.589679, -0.345613, 0.478457, 0.807236, -1.87727, -30.6633, -2.1708)
material_override = ExtResource("2_o7et7")
size = Vector3(20.3103, 15.6938, 28.4692)

[node name="CSGBox3D7" type="CSGBox3D" parent="Node3D/CSGBox3D6"]
transform = Transform3D(0.0842134, -0.966512, -0.242409, 0.180384, 0.254041, -0.950223, 0.979984, 0.0362947, 0.195737, 43.3153, 34.4429, -4.46287)
material_override = ExtResource("2_o7et7")
size = Vector3(11.2079, 15.6938, 28.4692)

[node name="CSGBox3D8" type="CSGBox3D" parent="Node3D/CSGBox3D6"]
transform = Transform3D(0.647698, 0.350424, 0.676528, -0.652846, 0.71303, 0.255694, -0.392784, -0.607282, 0.690601, -29.3127, 20.3462, 41.6904)
material_override = ExtResource("2_o7et7")
size = Vector3(11.2079, 15.6938, 31.0574)

[node name="CSGBox3D9" type="CSGBox3D" parent="Node3D/CSGBox3D6"]
transform = Transform3D(0.782047, 0.323746, 0.532532, -0.51084, 0.822466, 0.250185, -0.356993, -0.467695, 0.808589, 22.4861, 35.9038, 18.9255)
material_override = ExtResource("2_o7et7")
size = Vector3(20.3103, 15.6938, 28.4692)

[node name="CSGBox3D10" type="CSGBox3D" parent="Node3D/CSGBox3D6"]
transform = Transform3D(0.646131, -0.654285, -0.39297, 0.350518, 0.711754, -0.608723, 0.677977, 0.255572, 0.689225, 65.1348, 40.9881, -16.2551)
material_override = ExtResource("2_o7et7")
size = Vector3(11.2079, 15.6938, 28.4692)

[node name="CSGBox3D11" type="CSGBox3D" parent="Node3D/CSGBox3D6"]
transform = Transform3D(0.0860041, 0.181492, 0.979624, -0.966082, 0.2555, 0.0374796, -0.243491, -0.949621, 0.19731, 28.3507, 78.0423, 53.5845)
material_override = ExtResource("2_o7et7")
size = Vector3(11.2079, 15.6938, 31.0574)

[node name="CSGBox3D12" type="CSGBox3D" parent="Node3D/CSGBox3D6"]
transform = Transform3D(0.782047, 0.323746, 0.532532, -0.51084, 0.822466, 0.250185, -0.356993, -0.467695, 0.808589, -79.0866, -42.9951, 22.202)
material_override = ExtResource("2_o7et7")
size = Vector3(20.3103, 15.6938, 28.4692)

[node name="CSGBox3D13" type="CSGBox3D" parent="Node3D/CSGBox3D6"]
transform = Transform3D(0.646131, -0.654285, -0.39297, 0.350518, 0.711754, -0.608723, 0.677977, 0.255572, 0.689225, -36.4379, -37.9108, -12.9786)
material_override = ExtResource("2_o7et7")
size = Vector3(11.2079, 15.6938, 28.4692)

[node name="CSGBox3D14" type="CSGBox3D" parent="Node3D/CSGBox3D6"]
transform = Transform3D(0.0860041, 0.181492, 0.979624, -0.966082, 0.2555, 0.0374796, -0.243491, -0.949621, 0.19731, -73.222, -0.856602, 56.861)
material_override = ExtResource("2_o7et7")
size = Vector3(11.2079, 15.6938, 31.0574)

[node name="CSGBox3D15" type="CSGBox3D" parent="Node3D/CSGBox3D6"]
transform = Transform3D(1, 0.000226437, 0.000241367, -0.000226574, 1, 0.000194739, -0.000241125, -0.00019515, 1, -19.6516, -6.94254, 5.58924)
material_override = ExtResource("2_o7et7")
size = Vector3(11.2079, 15.6938, 28.4692)

[node name="CSGBox3D16" type="CSGBox3D" parent="Node3D/CSGBox3D6"]
transform = Transform3D(-0.44823, -0.43725, 0.779681, -0.805937, -0.179663, -0.564081, 0.386724, -0.881211, -0.271865, 16.944, 61.3468, 45.6017)
material_override = ExtResource("2_o7et7")
size = Vector3(11.2079, 15.6938, 31.0574)

[node name="CSGBox3D17" type="CSGBox3D" parent="Node3D/CSGBox3D6"]
transform = Transform3D(-0.376285, -0.282968, 0.882235, -0.898461, -0.12106, -0.422035, 0.226226, -0.951459, -0.208682, 1.78493, 14.406, 13.8189)
material_override = ExtResource("2_o7et7")
size = Vector3(20.3103, 15.6938, 28.4692)

[node name="CSGBox3D18" type="CSGBox3D" parent="Node3D/CSGBox3D6"]
transform = Transform3D(0.781845, 0.323819, 0.532784, -0.511087, 0.822301, 0.250222, -0.357082, -0.467934, 0.808412, -28.1975, -26.7974, -8.22168)
material_override = ExtResource("2_o7et7")
size = Vector3(11.2079, 15.6938, 28.4692)

[node name="CSGBox3D19" type="CSGBox3D" parent="Node3D/CSGBox3D6"]
transform = Transform3D(-0.405513, -0.869389, 0.282352, -0.337129, -0.144868, -0.930246, 0.849649, -0.472416, -0.23435, 43.8383, 20.6843, -20.871)
material_override = ExtResource("2_o7et7")
size = Vector3(11.2079, 15.6938, 31.0574)

[node name="CSGBox3D20" type="CSGBox3D" parent="Node3D/CSGBox3D6"]
transform = Transform3D(-0.376285, -0.282968, 0.882235, -0.898461, -0.12106, -0.422035, 0.226226, -0.951459, -0.208682, -17.7482, 92.6765, 114.043)
material_override = ExtResource("2_o7et7")
size = Vector3(20.3103, 15.6938, 28.4692)

[node name="CSGBox3D21" type="CSGBox3D" parent="Node3D/CSGBox3D6"]
transform = Transform3D(0.781845, 0.323819, 0.532784, -0.511087, 0.822301, 0.250222, -0.357082, -0.467934, 0.808412, -47.7306, 51.4732, 92.0028)
material_override = ExtResource("2_o7et7")
size = Vector3(11.2079, 15.6938, 28.4692)

[node name="CSGBox3D22" type="CSGBox3D" parent="Node3D/CSGBox3D6"]
transform = Transform3D(-0.405513, -0.869389, 0.282352, -0.337129, -0.144868, -0.930246, 0.849649, -0.472416, -0.23435, 24.3052, 98.9549, 79.3535)
material_override = ExtResource("2_o7et7")
size = Vector3(11.2079, 15.6938, 31.0574)

[node name="CSGBox3D23" type="CSGBox3D" parent="Node3D/CSGBox3D6"]
transform = Transform3D(0.890755, -0.354732, -0.284114, 0.260954, 0.911014, -0.319307, 0.372101, 0.210283, 0.904059, -36.1979, 14.903, 43.1053)
material_override = ExtResource("2_o7et7")
size = Vector3(11.2079, 15.6938, 28.4692)

[node name="CSGBox3D24" type="CSGBox3D" parent="Node3D/CSGBox3D6"]
transform = Transform3D(-0.223028, -0.0751454, 0.971911, -0.974724, 0.00377622, -0.223381, 0.0131163, -0.997165, -0.0740878, -39.2216, 73.8758, 107.267)
material_override = ExtResource("2_o7et7")
size = Vector3(11.2079, 15.6938, 31.0574)

[node name="CSGBox3D25" type="CSGBox3D" parent="Node3D/CSGBox3D6"]
transform = Transform3D(-0.0804853, 0.0614246, 0.994861, -0.988932, 0.119885, -0.0874075, -0.124638, -0.990886, 0.0510959, -27.0243, 37.3161, 63.0178)
material_override = ExtResource("2_o7et7")
size = Vector3(20.3103, 15.6938, 28.4692)

[node name="CSGBox3D26" type="CSGBox3D" parent="Node3D/CSGBox3D6"]
transform = Transform3D(0.97925, 0.129503, 0.155875, -0.147314, 0.983098, 0.1087, -0.139163, -0.129407, 0.981777, -32.8348, -1.00057, 23.2621)
material_override = ExtResource("2_o7et7")
size = Vector3(11.2079, 15.6938, 28.4692)

[node name="CSGBox3D27" type="CSGBox3D" parent="Node3D/CSGBox3D6"]
transform = Transform3D(-0.482996, -0.588567, 0.648308, -0.684464, -0.207982, -0.698751, 0.546099, -0.781237, -0.302398, 18.0609, 65.0995, 48.6407)
material_override = ExtResource("2_o7et7")
size = Vector3(11.2079, 15.6938, 31.0574)

[node name="CSGBox3D28" type="CSGBox3D" parent="Node3D/CSGBox3D6"]
transform = Transform3D(-0.0804853, 0.0614246, 0.994861, -0.988932, 0.119885, -0.0874075, -0.124638, -0.990886, 0.0510959, -100.696, 71.4859, 162.806)
material_override = ExtResource("2_o7et7")
size = Vector3(20.3103, 15.6938, 28.4692)

[node name="CSGBox3D29" type="CSGBox3D" parent="Node3D/CSGBox3D6"]
transform = Transform3D(0.97925, 0.129503, 0.155875, -0.147314, 0.983098, 0.1087, -0.139163, -0.129407, 0.981777, -106.506, 33.1692, 123.051)
material_override = ExtResource("2_o7et7")
size = Vector3(11.2079, 15.6938, 28.4692)

[node name="CSGBox3D30" type="CSGBox3D" parent="Node3D/CSGBox3D6"]
transform = Transform3D(-0.482996, -0.588567, 0.648308, -0.684464, -0.207982, -0.698751, 0.546099, -0.781237, -0.302398, -55.6104, 99.2693, 148.429)
material_override = ExtResource("2_o7et7")
size = Vector3(11.2079, 15.6938, 31.0574)

[node name="CSGBox3D31" type="CSGBox3D" parent="Node3D/CSGBox3D6"]
transform = Transform3D(0.486467, 0.340487, 0.804623, -0.781313, 0.581699, 0.22622, -0.391023, -0.738712, 0.549005, -72.8532, 42.2799, 103.814)
material_override = ExtResource("2_o7et7")
size = Vector3(11.2079, 15.6938, 28.4692)

[node name="CSGBox3D32" type="CSGBox3D" parent="Node3D/CSGBox3D6"]
transform = Transform3D(-0.181523, -0.982889, -0.0312867, -0.0313523, 0.037584, -0.998802, 0.982887, -0.180325, -0.0376375, 0.401709, 62.4877, 61.0466)
material_override = ExtResource("2_o7et7")
size = Vector3(11.2079, 15.6938, 31.0574)

[node name="CSGBox3D33" type="CSGBox3D" parent="Node3D/CSGBox3D6"]
transform = Transform3D(-0.307124, -0.944347, 0.117829, -0.177712, -0.0647245, -0.981952, 0.93493, -0.32252, -0.147942, -48.529, 39.8207, 84.1848)
material_override = ExtResource("2_o7et7")
size = Vector3(20.3103, 15.6938, 28.4692)

[node name="CSGBox3D34" type="CSGBox3D" parent="Node3D/CSGBox3D6"]
transform = Transform3D(-0.080739, 0.0612121, 0.994853, -0.988938, 0.119678, -0.0876231, -0.124425, -0.990924, 0.0508727, -94.884, 34.2761, 114.233)
material_override = ExtResource("2_o7et7")
size = Vector3(11.2079, 15.6938, 28.4692)

[node name="CSGBox3D35" type="CSGBox3D" parent="Node3D/CSGBox3D6"]
transform = Transform3D(0.371309, -0.852527, -0.367869, 0.312847, 0.487896, -0.814914, 0.874218, 0.187497, 0.447871, -53.828, 2.77504, 44.0497)
material_override = ExtResource("2_o7et7")
size = Vector3(11.2079, 15.6938, 31.0574)

[node name="CSGBox3D36" type="CSGBox3D" parent="Node3D/CSGBox3D6"]
transform = Transform3D(-0.307124, -0.944347, 0.117829, -0.177712, -0.0647245, -0.981952, 0.93493, -0.32252, -0.147942, 49.2418, 123.306, 89.067)
material_override = ExtResource("2_o7et7")
size = Vector3(20.3103, 15.6938, 28.4692)

[node name="CSGBox3D37" type="CSGBox3D" parent="Node3D/CSGBox3D6"]
transform = Transform3D(-0.080739, 0.0612121, 0.994853, -0.988938, 0.119678, -0.0876231, -0.124425, -0.990924, 0.0508727, 2.88671, 117.761, 119.115)
material_override = ExtResource("2_o7et7")
size = Vector3(11.2079, 15.6938, 28.4692)

[node name="CSGBox3D39" type="CSGBox3D" parent="Node3D/CSGBox3D6"]
transform = Transform3D(0.0842134, -0.966512, -0.242409, 0.180384, 0.254041, -0.950223, 0.979984, 0.0362946, 0.195738, 107.255, -54.0733, -153.804)
material_override = ExtResource("2_o7et7")
size = Vector3(11.2079, 15.6938, 28.4692)

[node name="CSGBox3D40" type="CSGBox3D" parent="Node3D/CSGBox3D6"]
transform = Transform3D(0.647698, 0.350424, 0.676528, -0.652846, 0.71303, 0.255694, -0.392784, -0.607282, 0.690601, 34.6269, -68.1699, -107.651)
material_override = ExtResource("2_o7et7")
size = Vector3(11.2079, 15.6938, 31.0574)

[node name="CSGBox3D41" type="CSGBox3D" parent="Node3D/CSGBox3D6"]
transform = Transform3D(0.782047, 0.323746, 0.532532, -0.51084, 0.822466, 0.250185, -0.356993, -0.467695, 0.808589, 86.4256, -52.6124, -130.416)
material_override = ExtResource("2_o7et7")
size = Vector3(20.3103, 15.6938, 28.4692)

[node name="CSGBox3D42" type="CSGBox3D" parent="Node3D/CSGBox3D6"]
transform = Transform3D(0.646131, -0.654285, -0.39297, 0.350518, 0.711754, -0.608723, 0.677977, 0.255571, 0.689225, 129.074, -47.5281, -165.596)
material_override = ExtResource("2_o7et7")
size = Vector3(11.2079, 15.6938, 28.4692)

[node name="CSGBox3D43" type="CSGBox3D" parent="Node3D/CSGBox3D6"]
transform = Transform3D(0.0860041, 0.181492, 0.979624, -0.966082, 0.2555, 0.0374795, -0.243491, -0.949621, 0.19731, 92.2902, -10.4739, -95.7569)
material_override = ExtResource("2_o7et7")
size = Vector3(11.2079, 15.6938, 31.0574)

[node name="CSGBox3D44" type="CSGBox3D" parent="Node3D/CSGBox3D6"]
transform = Transform3D(0.782047, 0.323746, 0.532532, -0.51084, 0.822466, 0.250185, -0.356993, -0.467695, 0.808589, -15.1471, -131.511, -127.139)
material_override = ExtResource("2_o7et7")
size = Vector3(20.3103, 15.6938, 28.4692)

[node name="CSGBox3D45" type="CSGBox3D" parent="Node3D/CSGBox3D6"]
transform = Transform3D(0.646131, -0.654285, -0.39297, 0.350518, 0.711754, -0.608723, 0.677977, 0.255571, 0.689225, 27.5017, -126.427, -162.32)
material_override = ExtResource("2_o7et7")
size = Vector3(11.2079, 15.6938, 28.4692)

[node name="CSGBox3D46" type="CSGBox3D" parent="Node3D/CSGBox3D6"]
transform = Transform3D(0.0860041, 0.181492, 0.979624, -0.966082, 0.2555, 0.0374795, -0.243491, -0.949621, 0.19731, -9.28247, -89.3728, -92.4804)
material_override = ExtResource("2_o7et7")
size = Vector3(11.2079, 15.6938, 31.0574)

[node name="CSGBox3D47" type="CSGBox3D" parent="Node3D/CSGBox3D6"]
transform = Transform3D(1, 0.000226428, 0.000241367, -0.000226561, 1, 0.000194739, -0.000241023, -0.000195228, 1, 44.2879, -95.4587, -143.752)
material_override = ExtResource("2_o7et7")
size = Vector3(11.2079, 15.6938, 28.4692)

[node name="CSGBox3D48" type="CSGBox3D" parent="Node3D/CSGBox3D6"]
transform = Transform3D(-0.44823, -0.43725, 0.779681, -0.805937, -0.179663, -0.564081, 0.386724, -0.881211, -0.271865, 80.8835, -27.1694, -103.74)
material_override = ExtResource("2_o7et7")
size = Vector3(11.2079, 15.6938, 31.0574)

[node name="CSGBox3D49" type="CSGBox3D" parent="Node3D/CSGBox3D6"]
transform = Transform3D(-0.376285, -0.282968, 0.882235, -0.898461, -0.12106, -0.422035, 0.226226, -0.951459, -0.208681, 65.7245, -74.1102, -135.522)
material_override = ExtResource("2_o7et7")
size = Vector3(20.3103, 15.6938, 28.4692)

[node name="CSGBox3D50" type="CSGBox3D" parent="Node3D/CSGBox3D6"]
transform = Transform3D(0.781845, 0.323819, 0.532784, -0.511087, 0.822301, 0.250222, -0.357081, -0.467934, 0.808412, 35.7421, -115.314, -157.563)
material_override = ExtResource("2_o7et7")
size = Vector3(11.2079, 15.6938, 28.4692)

[node name="CSGBox3D51" type="CSGBox3D" parent="Node3D/CSGBox3D6"]
transform = Transform3D(-0.405513, -0.869389, 0.282352, -0.337129, -0.144868, -0.930246, 0.849649, -0.472416, -0.234349, 107.778, -67.8319, -170.212)
material_override = ExtResource("2_o7et7")
size = Vector3(11.2079, 15.6938, 31.0574)

[node name="CSGBox3D52" type="CSGBox3D" parent="Node3D/CSGBox3D6"]
transform = Transform3D(-0.376285, -0.282968, 0.882235, -0.898461, -0.12106, -0.422035, 0.226226, -0.951459, -0.208681, 46.1914, 4.1603, -35.298)
material_override = ExtResource("2_o7et7")
size = Vector3(20.3103, 15.6938, 28.4692)

[node name="CSGBox3D53" type="CSGBox3D" parent="Node3D/CSGBox3D6"]
transform = Transform3D(0.781845, 0.323819, 0.532784, -0.511087, 0.822301, 0.250222, -0.357081, -0.467934, 0.808412, 16.209, -37.043, -57.3386)
material_override = ExtResource("2_o7et7")
size = Vector3(11.2079, 15.6938, 28.4692)

[node name="CSGBox3D54" type="CSGBox3D" parent="Node3D/CSGBox3D6"]
transform = Transform3D(-0.405513, -0.869389, 0.282352, -0.337129, -0.144868, -0.930246, 0.849649, -0.472416, -0.234349, 88.2447, 10.4387, -69.9879)
material_override = ExtResource("2_o7et7")
size = Vector3(11.2079, 15.6938, 31.0574)

[node name="CSGBox3D55" type="CSGBox3D" parent="Node3D/CSGBox3D6"]
transform = Transform3D(0.890755, -0.354732, -0.284114, 0.260954, 0.911014, -0.319307, 0.372101, 0.210283, 0.904059, 27.7416, -73.6132, -106.236)
material_override = ExtResource("2_o7et7")
size = Vector3(11.2079, 15.6938, 28.4692)

[node name="CSGBox3D56" type="CSGBox3D" parent="Node3D/CSGBox3D6"]
transform = Transform3D(-0.223028, -0.0751454, 0.971911, -0.974724, 0.00377631, -0.223381, 0.0131164, -0.997165, -0.0740877, 24.7179, -14.6404, -42.0744)
material_override = ExtResource("2_o7et7")
size = Vector3(11.2079, 15.6938, 31.0574)

[node name="CSGBox3D57" type="CSGBox3D" parent="Node3D/CSGBox3D6"]
transform = Transform3D(-0.0804853, 0.0614246, 0.994861, -0.988932, 0.119885, -0.0874075, -0.124637, -0.990886, 0.051096, 36.9153, -51.2001, -86.3236)
material_override = ExtResource("2_o7et7")
size = Vector3(20.3103, 15.6938, 28.4692)

[node name="CSGBox3D58" type="CSGBox3D" parent="Node3D/CSGBox3D6"]
transform = Transform3D(0.97925, 0.129503, 0.155875, -0.147314, 0.983098, 0.1087, -0.139163, -0.129408, 0.981777, 31.1047, -89.5168, -126.079)
material_override = ExtResource("2_o7et7")
size = Vector3(11.2079, 15.6938, 28.4692)

[node name="CSGBox3D59" type="CSGBox3D" parent="Node3D/CSGBox3D6"]
transform = Transform3D(-0.482996, -0.588567, 0.648308, -0.684464, -0.207982, -0.698751, 0.546099, -0.781237, -0.302397, 82.0005, -23.4167, -100.701)
material_override = ExtResource("2_o7et7")
size = Vector3(11.2079, 15.6938, 31.0574)

[node name="CSGBox3D60" type="CSGBox3D" parent="Node3D/CSGBox3D6"]
transform = Transform3D(-0.0804853, 0.0614246, 0.994861, -0.988932, 0.119885, -0.0874075, -0.124637, -0.990886, 0.051096, -36.756, -17.0303, 13.4648)
material_override = ExtResource("2_o7et7")
size = Vector3(20.3103, 15.6938, 28.4692)

[node name="CSGBox3D61" type="CSGBox3D" parent="Node3D/CSGBox3D6"]
transform = Transform3D(0.97925, 0.129503, 0.155875, -0.147314, 0.983098, 0.1087, -0.139163, -0.129408, 0.981777, -42.5666, -55.3469, -26.2909)
material_override = ExtResource("2_o7et7")
size = Vector3(11.2079, 15.6938, 28.4692)

[node name="CSGBox3D62" type="CSGBox3D" parent="Node3D/CSGBox3D6"]
transform = Transform3D(-0.482996, -0.588567, 0.648308, -0.684464, -0.207982, -0.698751, 0.546099, -0.781237, -0.302397, 8.32911, 10.7531, -0.912325)
material_override = ExtResource("2_o7et7")
size = Vector3(11.2079, 15.6938, 31.0574)

[node name="CSGBox3D63" type="CSGBox3D" parent="Node3D/CSGBox3D6"]
transform = Transform3D(0.486467, 0.340487, 0.804623, -0.781313, 0.581699, 0.22622, -0.391022, -0.738712, 0.549005, -8.9136, -46.2363, -45.5276)
material_override = ExtResource("2_o7et7")
size = Vector3(11.2079, 15.6938, 28.4692)

[node name="CSGBox3D64" type="CSGBox3D" parent="Node3D/CSGBox3D6"]
transform = Transform3D(-0.181523, -0.982889, -0.0312867, -0.0313524, 0.037584, -0.998802, 0.982887, -0.180325, -0.0376373, 64.3413, -26.0285, -88.2948)
material_override = ExtResource("2_o7et7")
size = Vector3(11.2079, 15.6938, 31.0574)

[node name="CSGBox3D65" type="CSGBox3D" parent="Node3D/CSGBox3D6"]
transform = Transform3D(-0.307124, -0.944347, 0.117829, -0.177712, -0.0647244, -0.981952, 0.934929, -0.32252, -0.147942, 15.4105, -48.6955, -65.1566)
material_override = ExtResource("2_o7et7")
size = Vector3(20.3103, 15.6938, 28.4692)

[node name="CSGBox3D66" type="CSGBox3D" parent="Node3D/CSGBox3D6"]
transform = Transform3D(-0.080739, 0.0612121, 0.994853, -0.988938, 0.119678, -0.087623, -0.124425, -0.990924, 0.0508727, -30.9445, -54.2401, -35.1081)
material_override = ExtResource("2_o7et7")
size = Vector3(11.2079, 15.6938, 28.4692)

[node name="CSGBox3D67" type="CSGBox3D" parent="Node3D/CSGBox3D6"]
transform = Transform3D(0.371309, -0.852527, -0.367869, 0.312847, 0.487896, -0.814914, 0.874218, 0.187497, 0.447871, 10.1116, -85.7411, -105.292)
material_override = ExtResource("2_o7et7")
size = Vector3(11.2079, 15.6938, 31.0574)

[node name="CSGBox3D68" type="CSGBox3D" parent="Node3D/CSGBox3D6"]
transform = Transform3D(-0.307124, -0.944347, 0.117829, -0.177712, -0.0647244, -0.981952, 0.934929, -0.32252, -0.147942, 113.181, 34.7899, -60.2745)
material_override = ExtResource("2_o7et7")
size = Vector3(20.3103, 15.6938, 28.4692)

[node name="CSGBox3D69" type="CSGBox3D" parent="Node3D/CSGBox3D6"]
transform = Transform3D(-0.080739, 0.0612121, 0.994853, -0.988938, 0.119678, -0.087623, -0.124425, -0.990924, 0.0508727, 66.8263, 29.2453, -30.2259)
material_override = ExtResource("2_o7et7")
size = Vector3(11.2079, 15.6938, 28.4692)

[node name="CSGBox3D38" type="CSGBox3D" parent="Node3D/CSGBox3D6"]
transform = Transform3D(0.371309, -0.852527, -0.367869, 0.312847, 0.487896, -0.814914, 0.874218, 0.187497, 0.447871, 43.9428, 86.2604, 48.9318)
material_override = ExtResource("2_o7et7")
size = Vector3(11.2079, 15.6938, 31.0574)
