[gd_scene load_steps=9 format=3 uid="uid://bf6ifpyxcso0f"]

[ext_resource type="Script" path="res://ik_distance.gd" id="1_qlrk8"]
[ext_resource type="PackedScene" uid="uid://b3kch1ese3obj" path="res://VVVV/vvvv_200502.tscn" id="2_pkdln"]
[ext_resource type="PackedScene" uid="uid://bt85fkku7hijs" path="res://vrm_01/vrm_1_vsekai_godot_engine_humanoid_08.tscn" id="3_jngiq"]
[ext_resource type="AnimationLibrary" uid="uid://cpaw35bnjcmf4" path="res://ANIM_dance.res" id="4_lih0x"]

[sub_resource type="ProceduralSkyMaterial" id="ProceduralSkyMaterial_ktm35"]
sky_horizon_color = Color(0.64625, 0.65575, 0.67075, 1)
ground_horizon_color = Color(0.64625, 0.65575, 0.67075, 1)

[sub_resource type="Sky" id="Sky_5474b"]
sky_material = SubResource("ProceduralSkyMaterial_ktm35")

[sub_resource type="Environment" id="Environment_fv2wy"]
background_mode = 2
sky = SubResource("Sky_5474b")
tonemap_mode = 2
glow_enabled = true

[sub_resource type="StandardMaterial3D" id="StandardMaterial3D_el5ym"]
blend_mode = 1
no_depth_test = true

[node name="Node3D" type="Node3D"]
script = ExtResource("1_qlrk8")

[node name="WorldEnvironment" type="WorldEnvironment" parent="."]
environment = SubResource("Environment_fv2wy")

[node name="DirectionalLight3D" type="DirectionalLight3D" parent="."]
transform = Transform3D(-0.866023, -0.433016, 0.250001, 0, 0.499998, 0.866027, -0.500003, 0.749999, -0.43301, 0, 0, 0)
shadow_enabled = true

[node name="VVVV_200502" parent="." instance=ExtResource("2_pkdln")]

[node name="GeneralSkeleton" parent="VVVV_200502/Armature" index="0"]
bones/0/position = Vector3(0.374849, 0.0976443, -0.205864)
bones/0/rotation = Quaternion(0.159547, -0.30692, 0.0768825, 0.935112)
bones/21/position = Vector3(0.0731263, -0.0284874, -0.00101876)
bones/21/rotation = Quaternion(0.196621, -0.805672, -0.00628118, 0.558742)
bones/22/position = Vector3(0.00965148, 0.278987, 0.0076475)
bones/22/rotation = Quaternion(-0.38653, -0.49554, 0.756454, -0.18114)
bones/22/scale = Vector3(1, 1, 1)
bones/23/position = Vector3(-0.00889025, 0.337273, 0.000891945)
bones/23/rotation = Quaternion(-0.251853, 0.886223, -0.369444, -0.121205)
bones/23/scale = Vector3(1, 1, 1)
bones/24/position = Vector3(0.00493297, 0.00373887, -0.10383)
bones/24/rotation = Quaternion(-0.202978, 0.961355, 0.101893, 0.155609)
bones/24/scale = Vector3(1, 1, 1)
bones/33/position = Vector3(-0.07313, -0.028487, -0.00102139)
bones/33/rotation = Quaternion(0.0267006, 0.869055, 0.264809, -0.417021)
bones/33/scale = Vector3(1, 1, 1)
bones/34/position = Vector3(-0.00965254, 0.27899, 0.00764826)
bones/34/rotation = Quaternion(0.569532, 0.315912, -0.565136, 0.506413)
bones/35/position = Vector3(0.00889197, 0.337273, 0.000894903)
bones/35/rotation = Quaternion(0.347641, 0.852382, -0.357375, 0.157713)
bones/35/scale = Vector3(1, 1, 1)
bones/36/position = Vector3(-0.00493375, 0.00373563, -0.103827)
bones/36/rotation = Quaternion(0.231107, 0.94396, 0.020797, -0.234726)
bones/36/scale = Vector3(1, 1, 1)
bones/40/position = Vector3(1.03028e-08, 0.112506, 0.0258579)
bones/40/rotation = Quaternion(-0.111652, -0.0457479, 0.00422364, 0.992685)
bones/41/position = Vector3(-9.1386e-09, 0.161971, -0.0285273)
bones/41/rotation = Quaternion(-0.0308095, -0.0551997, 0.00954269, 0.997954)
bones/41/scale = Vector3(1, 1, 1)
bones/56/position = Vector3(0.045, 0.0170323, 9.31321e-09)
bones/56/rotation = Quaternion(-0.448033, 0.646376, -0.616696, -0.0339159)
bones/56/scale = Vector3(1, 1, 1)
bones/57/position = Vector3(-3.72529e-09, 0.0339932, -0.00833464)
bones/57/rotation = Quaternion(0.238786, 0.715991, 0.600189, 0.264783)
bones/57/scale = Vector3(1, 1, 1)
bones/58/position = Vector3(0.00010341, 0.176997, 0.00102091)
bones/58/rotation = Quaternion(-0.0236648, 0.940325, -0.0132587, -0.339195)
bones/58/scale = Vector3(1, 1, 1)
bones/59/position = Vector3(0.000538945, 0.190014, -1.25207e-05)
bones/59/rotation = Quaternion(0.294708, 0.946776, -0.129425, 0.00346155)
bones/85/position = Vector3(-3.64671e-08, 0.0395337, -0.000972135)
bones/85/rotation = Quaternion(0.0443576, 0.0566191, 0.0416023, 0.996542)
bones/85/scale = Vector3(1, 1, 1)
bones/86/position = Vector3(1.90339e-08, 0.0563413, 0.0135837)
bones/86/rotation = Quaternion(0.00745485, 0.0226833, 0.00786163, 0.999684)
bones/86/scale = Vector3(1, 1, 1)
bones/165/position = Vector3(-0.0450001, 0.0170305, 5.58794e-09)
bones/165/rotation = Quaternion(-0.580146, -0.224317, 0.382599, 0.683177)
bones/166/position = Vector3(-1.15484e-07, 0.0340878, -0.00793862)
bones/166/rotation = Quaternion(-0.683575, 0.72575, -0.0762137, -0.014271)
bones/167/position = Vector3(-0.000102334, 0.176997, 0.00102484)
bones/167/rotation = Quaternion(-0.00174447, 0.798633, -0.0207625, 0.601457)
bones/167/scale = Vector3(1, 1, 1)
bones/168/position = Vector3(-0.000538349, 0.190013, -1.11684e-05)
bones/168/rotation = Quaternion(-0.0373349, 0.392372, 0.82757, -0.399722)
bones/168/scale = Vector3(1, 1, 1)
bones/201/position = Vector3(-0.302061, -0.0802276, 0.0386715)
bones/201/rotation = Quaternion(0.0138645, -0.157423, -0.0540231, 0.985955)
bones/201/scale = Vector3(1, 1, 1)

[node name="Body" parent="VVVV_200502/Armature/GeneralSkeleton" index="0"]
visible = false

[node name="Body (Headless)" parent="VVVV_200502/Armature/GeneralSkeleton" index="1"]
visible = false

[node name="g_vvvv_arm" parent="VVVV_200502/Armature/GeneralSkeleton" index="2"]
visible = false

[node name="ManyBoneIK3D" type="ManyBoneIK3D" parent="VVVV_200502/Armature/GeneralSkeleton" index="3"]
process_priority = 1
process_thread_group = 2
process_thread_group_order = 100
process_thread_messages = 0
constraint_count = 20
constraints/0/bone_name = &"Hips"
constraints/0/resistance = 0.0
constraints/0/twist_from = 0.0
constraints/0/twist_range = 0.0872665
constraints/0/twist_current = null
constraints/0/kusudama_limit_cone_count = 1
constraints/0/kusudama_limit_cone/0/center = Vector3(0, 0, 1)
constraints/0/kusudama_limit_cone/0/radius = 0.0523599
constraints/0/kusudama_twist = Transform3D(1, 0, 0, 0, 1, 0, 0, 0, 1, 0, 0, 0)
constraints/0/kusudama_orientation = Transform3D(1, 0, 0, 0, 1, 0, 0, 0, 1, 0.374849, 0.0976443, -0.205864)
constraints/0/bone_direction = Transform3D(1, 6.13941e-05, 1.26105e-05, -6.13941e-05, 0.919035, 0.394176, 1.26105e-05, -0.394176, 0.919035, 0, 0, 0)
constraints/1/bone_name = &"LeftUpperLeg"
constraints/1/resistance = 0.8
constraints/1/twist_from = 5.23599
constraints/1/twist_range = 0.174533
constraints/1/twist_current = null
constraints/1/kusudama_limit_cone_count = 0
constraints/1/kusudama_twist = Transform3D(1, 0, 0, 0, 1, 0, 0, 0, 1, 0, 0, 0)
constraints/1/kusudama_orientation = Transform3D(1, 0, 0, 0, 1, 0, 0, 0, 1, 0.0731263, -0.0284874, -0.00101876)
constraints/1/bone_direction = Transform3D(0.999402, -0.0345611, -0.000473458, 0.0345611, 0.999027, 0.027385, -0.000473458, -0.027385, 0.999625, 0, 0, 0)
constraints/2/bone_name = &"LeftLowerLeg"
constraints/2/resistance = 0.0
constraints/2/twist_from = 0.0
constraints/2/twist_range = 6.28319
constraints/2/twist_current = null
constraints/2/kusudama_limit_cone_count = 0
constraints/2/kusudama_twist = Transform3D(1, 0, 0, 0, 1, 0, 0, 0, 1, 0, 0, 0)
constraints/2/kusudama_orientation = Transform3D(1, 0, 0, 0, 1, 0, 0, 0, 1, 0.00965148, 0.278987, 0.0076475)
constraints/2/bone_direction = Transform3D(0.999653, 0.02635, 3.48362e-05, -0.02635, 0.999649, 0.00264365, 3.48362e-05, -0.00264365, 0.999997, 0, 0, 0)
constraints/3/bone_name = &"LeftFoot"
constraints/3/resistance = 0.0
constraints/3/twist_from = 0.0
constraints/3/twist_range = 6.28319
constraints/3/twist_current = null
constraints/3/kusudama_limit_cone_count = 4
constraints/3/kusudama_limit_cone/0/center = Vector3(0, -0.707107, 0.707107)
constraints/3/kusudama_limit_cone/0/radius = 0.0436332
constraints/3/kusudama_limit_cone/1/center = Vector3(0, 0, -1)
constraints/3/kusudama_limit_cone/1/radius = 0.0
constraints/3/kusudama_limit_cone/2/center = Vector3(0, 0.707107, -0.707107)
constraints/3/kusudama_limit_cone/2/radius = 0.0436332
constraints/3/kusudama_limit_cone/3/center = Vector3(0, 0, -1)
constraints/3/kusudama_limit_cone/3/radius = 0.0
constraints/3/kusudama_twist = Transform3D(1, 0, 0, 0, 1, 0, 0, 0, 1, 0, 0, 0)
constraints/3/kusudama_orientation = Transform3D(1, 0, 0, 0, 1, 0, 0, 0, 1, -0.00889025, 0.337273, 0.000891945)
constraints/3/bone_direction = Transform3D(0.997829, -0.0474258, 0.045699, 0.0474258, 0.0359456, -0.998228, 0.045699, 0.998228, 0.0381167, 0, 0, 0)
constraints/4/bone_name = &"RightUpperLeg"
constraints/4/resistance = 0.8
constraints/4/twist_from = 5.23599
constraints/4/twist_range = 0.174533
constraints/4/twist_current = null
constraints/4/kusudama_limit_cone_count = 0
constraints/4/kusudama_twist = Transform3D(1, 0, 0, 0, 1, 0, 0, 0, 1, 0, 0, 0)
constraints/4/kusudama_orientation = Transform3D(1, 0, 0, 0, 1, 0, 0, 0, 1, -0.07313, -0.028487, -0.00102139)
constraints/4/bone_direction = Transform3D(0.999402, 0.0345645, 0.000473548, -0.0345645, 0.999027, 0.0273875, 0.000473548, -0.0273875, 0.999625, 0, 0, 0)
constraints/5/bone_name = &"RightLowerLeg"
constraints/5/resistance = 0.0
constraints/5/twist_from = 0.0
constraints/5/twist_range = 6.28319
constraints/5/twist_current = null
constraints/5/kusudama_limit_cone_count = 0
constraints/5/kusudama_twist = Transform3D(1, 0, 0, 0, 1, 0, 0, 0, 1, 0, 0, 0)
constraints/5/kusudama_orientation = Transform3D(1, 0, 0, 0, 1, 0, 0, 0, 1, -0.00965254, 0.27899, 0.00764826)
constraints/5/bone_direction = Transform3D(0.999653, -0.0263551, -3.49586e-05, 0.0263551, 0.999649, 0.00265242, -3.49586e-05, -0.00265242, 0.999996, 0, 0, 0)
constraints/6/bone_name = &"RightFoot"
constraints/6/resistance = 0.0
constraints/6/twist_from = 0.0
constraints/6/twist_range = 6.28319
constraints/6/twist_current = null
constraints/6/kusudama_limit_cone_count = 4
constraints/6/kusudama_limit_cone/0/center = Vector3(0, -0.707107, 0.707107)
constraints/6/kusudama_limit_cone/0/radius = 0.0436332
constraints/6/kusudama_limit_cone/1/center = Vector3(0, 0, -1)
constraints/6/kusudama_limit_cone/1/radius = 0.0
constraints/6/kusudama_limit_cone/2/center = Vector3(0, 0.707107, -0.707107)
constraints/6/kusudama_limit_cone/2/radius = 0.0436332
constraints/6/kusudama_limit_cone/3/center = Vector3(0, 0, -1)
constraints/6/kusudama_limit_cone/3/radius = 0.0
constraints/6/kusudama_twist = Transform3D(1, 0, 0, 0, 1, 0, 0, 0, 1, 0, 0, 0)
constraints/6/kusudama_orientation = Transform3D(1, 0, 0, 0, 1, 0, 0, 0, 1, 0.00889197, 0.337273, 0.000894903)
constraints/6/bone_direction = Transform3D(0.997828, 0.0474349, -0.0457092, -0.0474349, 0.0359157, -0.998228, -0.0457092, 0.998228, 0.0380878, 0, 0, 0)
constraints/7/bone_name = &"Spine"
constraints/7/resistance = 0.5
constraints/7/twist_from = 0.0698132
constraints/7/twist_range = 0.174533
constraints/7/twist_current = null
constraints/7/kusudama_limit_cone_count = 1
constraints/7/kusudama_limit_cone/0/center = Vector3(0, 0, 1)
constraints/7/kusudama_limit_cone/0/radius = 0.0523599
constraints/7/kusudama_twist = Transform3D(1, 0, 0, 0, 1, 0, 0, 0, 1, 0, 0, 0)
constraints/7/kusudama_orientation = Transform3D(1, 0, 0, 0, 1, 0, 0, 0, 1, 1.03028e-08, 0.112506, 0.0258579)
constraints/7/bone_direction = Transform3D(1, 5.5566e-08, -4.85593e-09, -5.5566e-08, 0.984842, -0.173456, -4.85593e-09, 0.173456, 0.984842, 0, 0, 0)
constraints/8/bone_name = &"Chest"
constraints/8/resistance = 0.5
constraints/8/twist_from = 0.0872665
constraints/8/twist_range = -0.174533
constraints/8/twist_current = null
constraints/8/kusudama_limit_cone_count = 1
constraints/8/kusudama_limit_cone/0/center = Vector3(0, 0, 1)
constraints/8/kusudama_limit_cone/0/radius = 0.0523599
constraints/8/kusudama_twist = Transform3D(1, 0, 0, 0, 1, 0, 0, 0, 1, 0, 0, 0)
constraints/8/kusudama_orientation = Transform3D(1, 0, 0, 0, 1, 0, 0, 0, 1, -9.1386e-09, 0.161971, -0.0285273)
constraints/8/bone_direction = Transform3D(1, 1.03891e-06, -6.8611e-09, -1.03891e-06, 0.999913, -0.0132076, -6.8611e-09, 0.0132076, 0.999913, 0, 0, 0)
constraints/9/bone_name = &"LeftShoulder"
constraints/9/resistance = 0.0
constraints/9/twist_from = 0.0
constraints/9/twist_range = 6.28319
constraints/9/twist_current = null
constraints/9/kusudama_limit_cone_count = 0
constraints/9/kusudama_twist = Transform3D(1, 0, 0, 0, 1, 0, 0, 0, 1, 0, 0, 0)
constraints/9/kusudama_orientation = Transform3D(1, 0, 0, 0, 1, 0, 0, 0, 1, 0.045, 0.0170323, 9.31321e-09)
constraints/9/bone_direction = Transform3D(1, 1.06437e-07, -1.28579e-08, -1.06437e-07, 0.971233, -0.238132, -1.28579e-08, 0.238132, 0.971233, 0, 0, 0)
constraints/10/bone_name = &"LeftUpperArm"
constraints/10/resistance = 0.3
constraints/10/twist_from = 1.39626
constraints/10/twist_range = 0.20944
constraints/10/twist_current = null
constraints/10/kusudama_limit_cone_count = 1
constraints/10/kusudama_limit_cone/0/center = Vector3(0, 0, 1)
constraints/10/kusudama_limit_cone/0/radius = 1.5708
constraints/10/kusudama_twist = Transform3D(1, 0, 0, 0, 1, 0, 0, 0, 1, 0, 0, 0)
constraints/10/kusudama_orientation = Transform3D(1, 0, 0, 0, 1, 0, 0, 0, 1, -3.72529e-09, 0.0339932, -0.00833464)
constraints/10/bone_direction = Transform3D(1, -0.000584239, -1.68491e-06, 0.000584239, 0.999983, 0.00576784, -1.68491e-06, -0.00576784, 0.999983, 0, 0, 0)
constraints/11/bone_name = &"LeftLowerArm"
constraints/11/resistance = 0.4
constraints/11/twist_from = -0.959931
constraints/11/twist_range = 0.872665
constraints/11/twist_current = null
constraints/11/kusudama_limit_cone_count = 3
constraints/11/kusudama_limit_cone/0/center = Vector3(0, 0, 1)
constraints/11/kusudama_limit_cone/0/radius = 0.0436332
constraints/11/kusudama_limit_cone/1/center = Vector3(-1, 0, 0)
constraints/11/kusudama_limit_cone/1/radius = 0.0436332
constraints/11/kusudama_limit_cone/2/center = Vector3(0, 0, -1)
constraints/11/kusudama_limit_cone/2/radius = 0.0436332
constraints/11/kusudama_twist = Transform3D(1, 0, 0, 0, 1, 0, 0, 0, 1, 0, 0, 0)
constraints/11/kusudama_orientation = Transform3D(1, 0, 0, 0, 1, 0, 0, 0, 1, 0.00010341, 0.176997, 0.00102091)
constraints/11/bone_direction = Transform3D(0.999996, -0.00283633, 9.34479e-08, 0.00283633, 0.999996, -6.58933e-05, 9.34479e-08, 6.58933e-05, 1, 0, 0, 0)
constraints/12/bone_name = &"LeftHand"
constraints/12/resistance = 0.0
constraints/12/twist_from = 0.0
constraints/12/twist_range = 6.28319
constraints/12/twist_current = null
constraints/12/kusudama_limit_cone_count = 8
constraints/12/kusudama_limit_cone/0/center = Vector3(0, 0.707107, 0.707107)
constraints/12/kusudama_limit_cone/0/radius = 1.13446
constraints/12/kusudama_limit_cone/1/center = Vector3(0, 0, 1)
constraints/12/kusudama_limit_cone/1/radius = 0.0
constraints/12/kusudama_limit_cone/2/center = Vector3(0, -0.707107, 0.707107)
constraints/12/kusudama_limit_cone/2/radius = 1.22173
constraints/12/kusudama_limit_cone/3/center = Vector3(0, 0, 1)
constraints/12/kusudama_limit_cone/3/radius = 0.0
constraints/12/kusudama_limit_cone/4/center = Vector3(0.707107, 0, 0.707107)
constraints/12/kusudama_limit_cone/4/radius = 0.698132
constraints/12/kusudama_limit_cone/5/center = Vector3(0, 0, 1)
constraints/12/kusudama_limit_cone/5/radius = 0.0
constraints/12/kusudama_limit_cone/6/center = Vector3(-0.707107, 0, 0.707107)
constraints/12/kusudama_limit_cone/6/radius = 0.785398
constraints/12/kusudama_limit_cone/7/center = Vector3(0, 0, 1)
constraints/12/kusudama_limit_cone/7/radius = 0.0
constraints/12/kusudama_twist = Transform3D(1, 0, 0, 0, 1, 0, 0, 0, 1, 0, 0, 0)
constraints/12/kusudama_orientation = Transform3D(1, 0, 0, 0, 1, 0, 0, 0, 1, 0.000538945, 0.190014, -1.25207e-05)
constraints/12/bone_direction = Transform3D(0.966166, 0.19404, 0.169917, -0.19404, 0.11283, 0.974483, 0.169917, -0.974483, 0.146664, 0, 0, 0)
constraints/13/bone_name = &"Neck"
constraints/13/resistance = 0.6
constraints/13/twist_from = 0.261799
constraints/13/twist_range = 0.261799
constraints/13/twist_current = null
constraints/13/kusudama_limit_cone_count = 1
constraints/13/kusudama_limit_cone/0/center = Vector3(0, 0, 1)
constraints/13/kusudama_limit_cone/0/radius = 0.174533
constraints/13/kusudama_twist = Transform3D(1, 0, 0, 0, 1, 0, 0, 0, 1, 0, 0, 0)
constraints/13/kusudama_orientation = Transform3D(1, 0, 0, 0, 1, 0, 0, 0, 1, -3.64671e-08, 0.0395337, -0.000972135)
constraints/13/bone_direction = Transform3D(1, -3.28422e-07, -3.90315e-08, 3.28422e-07, 0.972145, 0.23438, -3.90315e-08, -0.23438, 0.972145, 0, 0, 0)
constraints/14/bone_name = &"Head"
constraints/14/resistance = 0.7
constraints/14/twist_from = 0.261799
constraints/14/twist_range = 0.261799
constraints/14/twist_current = null
constraints/14/kusudama_limit_cone_count = 1
constraints/14/kusudama_limit_cone/0/center = Vector3(0, 0, 1)
constraints/14/kusudama_limit_cone/0/radius = 0.261799
constraints/14/kusudama_twist = Transform3D(1, 0, 0, 0, 1, 0, 0, 0, 1, 0, 0, 0)
constraints/14/kusudama_orientation = Transform3D(1, 0, 0, 0, 1, 0, 0, 0, 1, 1.90339e-08, 0.0563413, 0.0135837)
constraints/14/bone_direction = Transform3D(0.998763, 0.0497047, 0.0012618, -0.0497047, 0.997476, 0.0507079, 0.0012618, -0.0507079, 0.998713, 0, 0, 0)
constraints/15/bone_name = &"RightShoulder"
constraints/15/resistance = 0.0
constraints/15/twist_from = 0.0
constraints/15/twist_range = 6.28319
constraints/15/twist_current = null
constraints/15/kusudama_limit_cone_count = 0
constraints/15/kusudama_twist = Transform3D(1, 0, 0, 0, 1, 0, 0, 0, 1, 0, 0, 0)
constraints/15/kusudama_orientation = Transform3D(1, 0, 0, 0, 1, 0, 0, 0, 1, -0.0450001, 0.0170305, 5.58794e-09)
constraints/15/bone_direction = Transform3D(1, 3.29954e-06, -3.79138e-07, -3.29954e-06, 0.973937, -0.226818, -3.79138e-07, 0.226818, 0.973937, 0, 0, 0)
constraints/16/bone_name = &"RightUpperArm"
constraints/16/resistance = 0.3
constraints/16/twist_from = 1.39626
constraints/16/twist_range = 0.20944
constraints/16/twist_current = null
constraints/16/kusudama_limit_cone_count = 1
constraints/16/kusudama_limit_cone/0/center = Vector3(0, 0, 1)
constraints/16/kusudama_limit_cone/0/radius = 1.5708
constraints/16/kusudama_twist = Transform3D(1, 0, 0, 0, 1, 0, 0, 0, 1, 0, 0, 0)
constraints/16/kusudama_orientation = Transform3D(1, 0, 0, 0, 1, 0, 0, 0, 1, -1.15484e-07, 0.0340878, -0.00793862)
constraints/16/bone_direction = Transform3D(1, 0.000578156, 1.6738e-06, -0.000578156, 0.999983, 0.00579007, 1.6738e-06, -0.00579007, 0.999983, 0, 0, 0)
constraints/17/bone_name = &"RightLowerArm"
constraints/17/resistance = 0.4
constraints/17/twist_from = -2.53073
constraints/17/twist_range = 0.872665
constraints/17/twist_current = null
constraints/17/kusudama_limit_cone_count = 3
constraints/17/kusudama_limit_cone/0/center = Vector3(0, 0, 1)
constraints/17/kusudama_limit_cone/0/radius = 0.0436332
constraints/17/kusudama_limit_cone/1/center = Vector3(0, 0, 1)
constraints/17/kusudama_limit_cone/1/radius = 0.0436332
constraints/17/kusudama_limit_cone/2/center = Vector3(0, 0, -1)
constraints/17/kusudama_limit_cone/2/radius = 0.0436332
constraints/17/kusudama_twist = Transform3D(1, 0, 0, 0, 1, 0, 0, 0, 1, 0, 0, 0)
constraints/17/kusudama_orientation = Transform3D(1, 0, 0, 0, 1, 0, 0, 0, 1, -0.000102334, 0.176997, 0.00102484)
constraints/17/bone_direction = Transform3D(0.999996, 0.00283321, -8.32636e-08, -0.00283321, 0.999996, -5.87768e-05, -8.32636e-08, 5.87768e-05, 1, 0, 0, 0)
constraints/18/bone_name = &"RightHand"
constraints/18/resistance = 0.0
constraints/18/twist_from = 0.0
constraints/18/twist_range = 6.28319
constraints/18/twist_current = null
constraints/18/kusudama_limit_cone_count = 8
constraints/18/kusudama_limit_cone/0/center = Vector3(0, 0.707107, 0.707107)
constraints/18/kusudama_limit_cone/0/radius = 1.13446
constraints/18/kusudama_limit_cone/1/center = Vector3(0, 0, 1)
constraints/18/kusudama_limit_cone/1/radius = 0.0
constraints/18/kusudama_limit_cone/2/center = Vector3(0, -0.707107, 0.707107)
constraints/18/kusudama_limit_cone/2/radius = 1.22173
constraints/18/kusudama_limit_cone/3/center = Vector3(0, 0, 1)
constraints/18/kusudama_limit_cone/3/radius = 0.0
constraints/18/kusudama_limit_cone/4/center = Vector3(0.707107, 0, 0.707107)
constraints/18/kusudama_limit_cone/4/radius = 0.698132
constraints/18/kusudama_limit_cone/5/center = Vector3(0, 0, 1)
constraints/18/kusudama_limit_cone/5/radius = 0.0
constraints/18/kusudama_limit_cone/6/center = Vector3(-0.707107, 0, 0.707107)
constraints/18/kusudama_limit_cone/6/radius = 0.785398
constraints/18/kusudama_limit_cone/7/center = Vector3(0, 0, 1)
constraints/18/kusudama_limit_cone/7/radius = 0.0
constraints/18/kusudama_twist = Transform3D(1, 0, 0, 0, 1, 0, 0, 0, 1, 0, 0, 0)
constraints/18/kusudama_orientation = Transform3D(1, 0, 0, 0, 1, 0, 0, 0, 1, -0.000538349, 0.190013, -1.11684e-05)
constraints/18/bone_direction = Transform3D(0.922752, -0.375366, 0.0873418, 0.375366, 0.823997, -0.424416, 0.0873418, 0.424416, 0.901245, 0, 0, 0)
constraints/19/bone_name = &"Root"
constraints/19/resistance = 0.0
constraints/19/twist_from = 0.0
constraints/19/twist_range = 0.0872665
constraints/19/twist_current = null
constraints/19/kusudama_limit_cone_count = 1
constraints/19/kusudama_limit_cone/0/center = Vector3(0, 0, 1)
constraints/19/kusudama_limit_cone/0/radius = 0.0523599
constraints/19/kusudama_twist = Transform3D(1, 0, 0, 0, 1, 0, 0, 0, 1, 0, 0, 0)
constraints/19/kusudama_orientation = Transform3D(1, 0, 0, 0, 1, 0, 0, 0, 1, -2.34992, 0.369228, 0.226965)
constraints/19/bone_direction = Transform3D(0.372719, -0.913468, 0.163268, 0.913468, 0.330224, -0.237756, 0.163268, 0.237756, 0.957505, 0, 0, 0)
pin_count = 14
pins/0/bone_name = "Hips"
pins/0/target_node = NodePath("Hips2")
pins/0/passthrough_factor = 0.0
pins/0/weight = 1.0
pins/0/direction_priorities = Vector3(0.2, 0, 0.2)
pins/1/bone_name = "Spine"
pins/1/target_node = NodePath("Spine2")
pins/1/passthrough_factor = 1.0
pins/1/weight = 1.0
pins/1/direction_priorities = Vector3(0.2, 0, 0.2)
pins/2/bone_name = "LeftUpperArm"
pins/2/target_node = NodePath("LeftUpperArm2")
pins/2/passthrough_factor = 1.0
pins/2/weight = 1.0
pins/2/direction_priorities = Vector3(0.2, 0, 0.2)
pins/3/bone_name = "LeftHand"
pins/3/target_node = NodePath("LeftHand2")
pins/3/passthrough_factor = 1.0
pins/3/weight = 1.0
pins/3/direction_priorities = Vector3(0.2, 0, 0.2)
pins/4/bone_name = "RightUpperArm"
pins/4/target_node = NodePath("RightUpperArm2")
pins/4/passthrough_factor = 1.0
pins/4/weight = 1.0
pins/4/direction_priorities = Vector3(0.2, 0, 0.2)
pins/5/bone_name = "RightHand"
pins/5/target_node = NodePath("RightHand2")
pins/5/passthrough_factor = 1.0
pins/5/weight = 1.0
pins/5/direction_priorities = Vector3(0.2, 0, 0.2)
pins/6/bone_name = "LeftLowerLeg"
pins/6/target_node = NodePath("LeftLowerLeg2")
pins/6/passthrough_factor = 1.0
pins/6/weight = 1.0
pins/6/direction_priorities = Vector3(0.2, 0, 0.2)
pins/7/bone_name = "RightLowerLeg"
pins/7/target_node = NodePath("RightLowerLeg2")
pins/7/passthrough_factor = 1.0
pins/7/weight = 1.0
pins/7/direction_priorities = Vector3(0.2, 0, 0.2)
pins/8/bone_name = "LeftFoot"
pins/8/target_node = NodePath("LeftFoot2")
pins/8/passthrough_factor = 1.0
pins/8/weight = 1.0
pins/8/direction_priorities = Vector3(0.2, 0, 0.2)
pins/9/bone_name = "RightFoot"
pins/9/target_node = NodePath("RightFoot2")
pins/9/passthrough_factor = 1.0
pins/9/weight = 1.0
pins/9/direction_priorities = Vector3(0.2, 0, 0.2)
pins/10/bone_name = "LeftToes"
pins/10/target_node = NodePath("LeftToes2")
pins/10/passthrough_factor = 1.0
pins/10/weight = 1.0
pins/10/direction_priorities = Vector3(0.2, 0, 0.2)
pins/11/bone_name = "RightToes"
pins/11/target_node = NodePath("RightToes2")
pins/11/passthrough_factor = 1.0
pins/11/weight = 1.0
pins/11/direction_priorities = Vector3(0.2, 0, 0.2)
pins/12/bone_name = "Head"
pins/12/target_node = NodePath("Head2")
pins/12/passthrough_factor = 1.0
pins/12/weight = 1.0
pins/12/direction_priorities = Vector3(0.2, 0, 0.2)
pins/13/bone_name = "Neck"
pins/13/target_node = NodePath("Neck2")
pins/13/passthrough_factor = 1.0
pins/13/weight = 1.0
pins/13/direction_priorities = Vector3(0.2, 0, 0.2)

[node name="Hips2" type="BoneAttachment3D" parent="VVVV_200502/Armature/GeneralSkeleton/ManyBoneIK3D"]
transform = Transform3D(0.538195, 0.660644, -0.52335, 0.141007, 0.541619, 0.828713, 0.830941, -0.519805, 0.198341, 0.12621, -0.0226325, -0.0367788)
bone_name = "Hips"
bone_idx = 1
use_external_skeleton = true
external_skeleton = NodePath("../../../../../vrm_1_vsekai_godot_engine_humanoid_08/Root/Skeleton3D")

[node name="Spine2" type="BoneAttachment3D" parent="VVVV_200502/Armature/GeneralSkeleton/ManyBoneIK3D"]
transform = Transform3D(0.461754, 0.0410525, -0.886058, 0.0357583, 0.997255, 0.0648393, 0.886287, -0.0616237, 0.459018, 0.194649, 0.0334757, -0.0906273)
bone_name = "Spine"
bone_idx = 2
use_external_skeleton = true
external_skeleton = NodePath("../../../../../vrm_1_vsekai_godot_engine_humanoid_08/Root/Skeleton3D")

[node name="LeftUpperArm2" type="BoneAttachment3D" parent="VVVV_200502/Armature/GeneralSkeleton/ManyBoneIK3D"]
transform = Transform3D(0.843467, 0.477728, -0.245642, 0.37411, -0.850558, -0.369584, -0.385493, 0.219835, -0.89614, 0.251835, 0.296416, -0.0559793)
bone_name = "LeftUpperArm"
bone_idx = 10
use_external_skeleton = true
external_skeleton = NodePath("../../../../../vrm_1_vsekai_godot_engine_humanoid_08/Root/Skeleton3D")

[node name="LeftHand2" type="BoneAttachment3D" parent="VVVV_200502/Armature/GeneralSkeleton/ManyBoneIK3D"]
transform = Transform3D(0.979459, -0.11794, 0.163555, 0.117654, -0.324467, -0.938551, 0.163761, 0.938516, -0.303926, 0.236472, 0.0205894, 0.0564877)
bone_name = "LeftHand"
bone_idx = 12
use_external_skeleton = true
external_skeleton = NodePath("../../../../../vrm_1_vsekai_godot_engine_humanoid_08/Root/Skeleton3D")

[node name="RightUpperArm2" type="BoneAttachment3D" parent="VVVV_200502/Armature/GeneralSkeleton/ManyBoneIK3D"]
transform = Transform3D(-0.885936, -0.137193, 0.443052, -0.0687646, -0.90584, -0.418002, 0.458681, -0.400789, 0.793082, 0.181173, 0.288746, -0.172098)
bone_name = "RightUpperArm"
bone_idx = 29
use_external_skeleton = true
external_skeleton = NodePath("../../../../../vrm_1_vsekai_godot_engine_humanoid_08/Root/Skeleton3D")

[node name="RightHand2" type="BoneAttachment3D" parent="VVVV_200502/Armature/GeneralSkeleton/ManyBoneIK3D"]
transform = Transform3D(-0.211119, -0.862291, -0.460307, 0.422547, 0.344134, -0.838466, 0.881409, -0.371518, 0.291705, -0.00350636, 0.0644482, -0.213704)
bone_name = "RightHand"
bone_idx = 31
use_external_skeleton = true
external_skeleton = NodePath("../../../../../vrm_1_vsekai_godot_engine_humanoid_08/Root/Skeleton3D")

[node name="LeftLowerLeg2" type="BoneAttachment3D" parent="VVVV_200502/Armature/GeneralSkeleton/ManyBoneIK3D"]
transform = Transform3D(0.619047, -0.249424, 0.744693, 0.411174, -0.704949, -0.577912, 0.669116, 0.663954, -0.33384, 0.000801272, 0.203182, 0.0449646)
bone_name = "LeftLowerLeg"
bone_idx = 48
use_external_skeleton = true
external_skeleton = NodePath("../../../../../vrm_1_vsekai_godot_engine_humanoid_08/Root/Skeleton3D")

[node name="RightLowerLeg2" type="BoneAttachment3D" parent="VVVV_200502/Armature/GeneralSkeleton/ManyBoneIK3D"]
transform = Transform3D(0.0321205, -0.839892, 0.541802, -0.743479, -0.382369, -0.548665, 0.667988, -0.385195, -0.636724, -0.0182351, 0.176153, 0.0450865)
bone_name = "RightLowerLeg"
bone_idx = 52
use_external_skeleton = true
external_skeleton = NodePath("../../../../../vrm_1_vsekai_godot_engine_humanoid_08/Root/Skeleton3D")

[node name="LeftFoot2" type="BoneAttachment3D" parent="VVVV_200502/Armature/GeneralSkeleton/ManyBoneIK3D"]
transform = Transform3D(-0.566629, -0.774728, -0.280584, -0.155533, -0.23384, 0.959754, -0.809161, 0.587464, 0.0120046, -0.0676715, 0.00965741, 0.227235)
bone_name = "LeftFoot"
bone_idx = 49
use_external_skeleton = true
external_skeleton = NodePath("../../../../../vrm_1_vsekai_godot_engine_humanoid_08/Root/Skeleton3D")

[node name="RightFoot2" type="BoneAttachment3D" parent="VVVV_200502/Armature/GeneralSkeleton/ManyBoneIK3D"]
transform = Transform3D(-0.327279, -0.938702, -0.108287, 0.470246, -0.261199, 0.842997, -0.819608, 0.224974, 0.526906, -0.248805, 0.0711841, -0.0606584)
bone_name = "RightFoot"
bone_idx = 53
use_external_skeleton = true
external_skeleton = NodePath("../../../../../vrm_1_vsekai_godot_engine_humanoid_08/Root/Skeleton3D")

[node name="LeftToes2" type="BoneAttachment3D" parent="VVVV_200502/Armature/GeneralSkeleton/ManyBoneIK3D"]
transform = Transform3D(0.566629, -0.811093, 0.145118, 0.155533, -0.0676696, -0.98551, 0.809161, 0.580989, 0.0878079, -0.139455, -0.0697149, 0.29276)
bone_name = "LeftToes"
bone_idx = 50
use_external_skeleton = true
external_skeleton = NodePath("../../../../../vrm_1_vsekai_godot_engine_humanoid_08/Root/Skeleton3D")

[node name="RightToes2" type="BoneAttachment3D" parent="VVVV_200502/Armature/GeneralSkeleton/ManyBoneIK3D"]
transform = Transform3D(0.327279, -0.939468, 0.101429, -0.470246, -0.255035, -0.844882, 0.819608, 0.228816, -0.525249, -0.348583, -0.00481975, -0.064423)
bone_name = "RightToes"
bone_idx = 54
use_external_skeleton = true
external_skeleton = NodePath("../../../../../vrm_1_vsekai_godot_engine_humanoid_08/Root/Skeleton3D")

[node name="Head2" type="BoneAttachment3D" parent="VVVV_200502/Armature/GeneralSkeleton/ManyBoneIK3D"]
transform = Transform3D(0.503116, -0.0500723, -0.862767, 0.00970854, 0.998584, -0.0522932, 0.864164, 0.0179334, 0.50289, 0.217104, 0.38824, -0.118973)
bone_name = "Head"
bone_idx = 5
use_external_skeleton = true
external_skeleton = NodePath("../../../../../vrm_1_vsekai_godot_engine_humanoid_08/Root/Skeleton3D")

[node name="Neck2" type="BoneAttachment3D" parent="VVVV_200502/Armature/GeneralSkeleton/ManyBoneIK3D"]
transform = Transform3D(0.496497, 0.0236299, -0.867717, 0.04142, 0.997846, 0.0508737, 0.867049, -0.0611995, 0.494449, 0.214928, 0.296356, -0.113337)
bone_name = "Neck"
bone_idx = 4
use_external_skeleton = true
external_skeleton = NodePath("../../../../../vrm_1_vsekai_godot_engine_humanoid_08/Root/Skeleton3D")

[node name="Camera3D" type="Camera3D" parent="."]
transform = Transform3D(0.998535, 0.0159553, -0.0517096, 0, 0.955547, 0.29484, 0.0541152, -0.294408, 0.954147, 0.176118, 1.21459, 1.48047)

[node name="vrm_1_vsekai_godot_engine_humanoid_08" parent="." instance=ExtResource("3_jngiq")]

[node name="Skeleton3D" parent="vrm_1_vsekai_godot_engine_humanoid_08/Root" index="0"]
bones/0/rotation = Quaternion(-3.83595e-08, 4.24904e-08, -7.27192e-16, 1)
bones/1/position = Vector3(0.12621, -0.0226325, -0.0367788)
bones/1/rotation = Quaternion(-0.44672, -0.448632, -0.172139, 0.754678)
bones/2/position = Vector3(-1.13505e-10, 0.103594, -4.08618e-09)
bones/2/rotation = Quaternion(0.442219, -0.0140006, -0.0692814, 0.894118)
bones/3/position = Vector3(3.7835e-09, 0.0778644, -9.68576e-09)
bones/3/rotation = Quaternion(-0.0304419, 0.0195311, 0.00305537, 0.999341)
bones/3/scale = Vector3(1, 1, 1)
bones/4/position = Vector3(-3.0268e-10, 0.186876, -1.69501e-08)
bones/4/rotation = Quaternion(0.0381709, -2.51076e-05, 0.00167008, 0.99927)
bones/4/scale = Vector3(1, 1, 1)
bones/5/position = Vector3(-2.42144e-09, 0.0920831, -1.6042e-08)
bones/5/rotation = Quaternion(0.0516914, 0.00357714, -0.0158633, 0.998531)
bones/5/scale = Vector3(1, 1, 1)
bones/6/position = Vector3(0.0184165, 0.0230212, -1.32929e-08)
bones/6/rotation = Quaternion(0.707144, -3.69879e-05, 3.70365e-05, 0.70707)
bones/6/scale = Vector3(1, 1, 1)
bones/7/position = Vector3(-0.0184164, 0.0230212, -1.37969e-08)
bones/7/rotation = Quaternion(0.707144, 3.70134e-05, -3.69661e-05, 0.70707)
bones/7/scale = Vector3(1, 1, 1)
bones/8/rotation = Quaternion(-6.98492e-08, 4.65661e-09, -2.79397e-09, 1)
bones/8/scale = Vector3(1, 1, 1)
bones/9/position = Vector3(0.01625, 0.186876, -1.57885e-08)
bones/9/rotation = Quaternion(-0.524204, -0.467302, -0.495029, 0.51165)
bones/9/scale = Vector3(1, 1, 1)
bones/10/position = Vector3(1.2107e-09, 0.052, 1.19559e-07)
bones/10/rotation = Quaternion(-0.0692145, 0.816706, -0.516434, -0.247986)
bones/10/scale = Vector3(1, 1, 1)
bones/11/position = Vector3(-1.69501e-08, 0.207187, -1.22283e-07)
bones/11/rotation = Quaternion(0.338794, -0.426422, 0.500063, 0.673291)
bones/12/position = Vector3(-7.99075e-08, 0.16575, 1.81608e-08)
bones/12/rotation = Quaternion(-0.410197, 0.748324, -0.0641194, 0.517338)
bones/13/position = Vector3(-0.0194238, -1.67773e-07, -1.77174e-07)
bones/13/rotation = Quaternion(-0.00885096, 0.717193, 0.274849, 0.640324)
bones/13/scale = Vector3(1, 0.999392, 0.999392)
bones/14/position = Vector3(1.63709e-07, 0.022103, -0.00379242)
bones/14/rotation = Quaternion(0.0175822, -0.00942097, -0.000794985, 0.999801)
bones/14/scale = Vector3(1, 1, 1)
bones/15/position = Vector3(1.0426e-07, 0.0165773, -0.00284417)
bones/15/rotation = Quaternion(0.00202712, -0.010227, -0.000862987, 0.999945)
bones/15/scale = Vector3(1, 1, 1)
bones/16/position = Vector3(-0.0194239, 0.0517966, -8.63702e-08)
bones/16/rotation = Quaternion(0.268965, 0.025775, -0.0220226, 0.962553)
bones/16/scale = Vector3(1, 1, 1)
bones/17/position = Vector3(7.8807e-09, 0.0191698, -1.66281e-08)
bones/17/rotation = Quaternion(0.231236, -0.00906611, -0.00332888, 0.97285)
bones/17/scale = Vector3(1, 1, 1)
bones/18/position = Vector3(-4.22649e-09, 0.014378, -7.11105e-08)
bones/18/rotation = Quaternion(0.240894, -0.00801337, -0.00294193, 0.970514)
bones/19/position = Vector3(-0.00647465, 0.0517966, -5.54259e-08)
bones/19/rotation = Quaternion(0.00133513, -0.0171383, -0.00389262, 0.999845)
bones/20/position = Vector3(1.39343e-08, 0.022399, -1.30852e-07)
bones/20/rotation = Quaternion(0.000942179, -0.0117084, -0.0052966, 0.999917)
bones/21/position = Vector3(1.15129e-08, 0.0167986, -9.45306e-08)
bones/21/rotation = Quaternion(0.000941888, -0.0117084, -0.0052966, 0.999917)
bones/21/scale = Vector3(1, 1, 1)
bones/22/position = Vector3(0.00647463, 0.0517966, -8.50176e-08)
bones/22/rotation = Quaternion(0.00392007, -0.00178778, -0.001555, 0.99999)
bones/22/scale = Vector3(1, 1, 1)
bones/23/position = Vector3(2.96736e-08, 0.0191698, 1.22017e-08)
bones/23/rotation = Quaternion(-0.00500747, -0.00383403, -0.00111536, 0.999979)
bones/23/scale = Vector3(1, 1, 1)
bones/24/position = Vector3(2.48308e-08, 0.014378, -4.107e-08)
bones/24/rotation = Quaternion(0.00465459, -0.00372367, -0.001083, 0.999982)
bones/25/position = Vector3(0.0194239, 0.0517966, -9.52377e-08)
bones/25/rotation = Quaternion(-0.000951809, 0.0017519, -0.00837589, 0.999963)
bones/25/scale = Vector3(1, 1, 1)
bones/26/position = Vector3(1.03021e-08, 0.0145074, -1.12313e-07)
bones/26/rotation = Quaternion(0.000816565, 0.0156714, 0.00452645, 0.999867)
bones/26/scale = Vector3(1, 1, 1)
bones/27/position = Vector3(-3.32838e-08, 0.0108797, -8.08348e-08)
bones/27/rotation = Quaternion(0.000816567, 0.0156714, 0.00452646, 0.999867)
bones/27/scale = Vector3(1, 1, 1)
bones/28/position = Vector3(-0.01625, 0.186876, -1.47822e-08)
bones/28/rotation = Quaternion(-0.524004, 0.470983, 0.522932, 0.479726)
bones/28/scale = Vector3(1, 1, 1)
bones/29/position = Vector3(1.21073e-09, 0.052, 1.02684e-07)
bones/29/rotation = Quaternion(0.0669443, 0.873175, -0.478127, 0.0669174)
bones/29/scale = Vector3(1, 1, 1)
bones/30/position = Vector3(2.48197e-08, 0.207188, -5.06989e-08)
bones/30/rotation = Quaternion(0.311197, 0.478212, -0.537139, 0.621249)
bones/30/scale = Vector3(1, 1, 1)
bones/31/position = Vector3(4.60074e-08, 0.16575, 6.29572e-08)
bones/31/rotation = Quaternion(-0.370058, -0.732798, -0.202636, 0.533857)
bones/31/scale = Vector3(1, 1, 1)
bones/32/position = Vector3(0.0194241, 1.47702e-07, -1.00174e-07)
bones/32/rotation = Quaternion(-0.00891977, -0.717086, -0.274639, 0.640532)
bones/32/scale = Vector3(1, 0.999392, 0.999392)
bones/33/position = Vector3(-9.91459e-08, 0.0221018, -0.00379173)
bones/33/rotation = Quaternion(0.0172878, 0.00936499, 0.000786994, 0.999806)
bones/33/scale = Vector3(1, 1, 1)
bones/34/position = Vector3(-1.04261e-07, 0.0165773, -0.00284416)
bones/34/rotation = Quaternion(0.00203714, 0.010148, 0.000852014, 0.999946)
bones/35/position = Vector3(0.0194239, 0.0517966, -1.84509e-08)
bones/35/rotation = Quaternion(0.321195, -0.0482889, 0.0515576, 0.944375)
bones/35/scale = Vector3(1, 1, 1)
bones/36/position = Vector3(-1.51451e-08, 0.0191699, -6.6873e-08)
bones/36/rotation = Quaternion(0.277863, 0.00395409, 0.00145175, 0.960611)
bones/36/scale = Vector3(1, 1, 1)
bones/37/position = Vector3(6.64788e-09, 0.014378, -7.41373e-08)
bones/37/rotation = Quaternion(0.288294, 0.00279916, 0.00102783, 0.957537)
bones/37/scale = Vector3(1, 1, 1)
bones/38/position = Vector3(0.00647464, 0.0517965, -7.7646e-09)
bones/38/rotation = Quaternion(0.0116657, 0.0161442, 0.0035505, 0.999795)
bones/38/scale = Vector3(1, 1, 1)
bones/39/position = Vector3(-9.09147e-09, 0.022399, -2.8848e-09)
bones/39/rotation = Quaternion(0.0102521, 0.0113774, 0.00513627, 0.99987)
bones/39/scale = Vector3(1, 1, 1)
bones/40/position = Vector3(1.51229e-08, 0.0167986, -4.54964e-08)
bones/40/rotation = Quaternion(0.0102451, 0.0113776, 0.00513642, 0.99987)
bones/40/scale = Vector3(1, 1, 1)
bones/41/position = Vector3(-0.00647464, 0.0517966, 1.13968e-08)
bones/41/rotation = Quaternion(-0.00146662, 0.0014923, 0.00189036, 0.999996)
bones/41/scale = Vector3(1, 1, 1)
bones/42/position = Vector3(-1.51451e-08, 0.0191698, -1.19161e-07)
bones/42/rotation = Quaternion(-0.0099661, 0.00388699, 0.00113126, 0.999942)
bones/42/scale = Vector3(1, 1, 1)
bones/43/position = Vector3(-5.45931e-09, 0.014378, -7.2246e-08)
bones/43/rotation = Quaternion(0.00064774, 0.00376613, 0.00109626, 0.999992)
bones/44/position = Vector3(-0.0194239, 0.0517965, -7.57956e-09)
bones/44/rotation = Quaternion(0.142164, 0.0157425, -0.0114154, 0.989652)
bones/44/scale = Vector3(1, 1, 1)
bones/45/position = Vector3(-5.45931e-09, 0.0145074, -8.56777e-08)
bones/45/rotation = Quaternion(0.130573, -0.00935747, -0.00270342, 0.991391)
bones/45/scale = Vector3(1, 1, 1)
bones/46/position = Vector3(-1.51451e-08, 0.0108797, -1.02628e-07)
bones/46/rotation = Quaternion(0.130587, -0.00935673, -0.00270324, 0.991389)
bones/46/scale = Vector3(1, 1, 1)
bones/47/position = Vector3(0.0345313, 0.0517966, -1.84484e-09)
bones/47/rotation = Quaternion(-0.0804449, 0.629668, 0.770323, -0.0604126)
bones/47/scale = Vector3(1, 1, 1)
bones/48/position = Vector3(4.01051e-09, 0.274523, 2.78465e-08)
bones/48/rotation = Quaternion(-0.015683, 0.65223, -0.754816, -0.0678482)
bones/48/scale = Vector3(1, 1, 1)
bones/49/position = Vector3(3.93482e-09, 0.274523, -3.87431e-08)
bones/49/rotation = Quaternion(-0.125834, 0.93165, -0.331814, 0.0780641)
bones/49/scale = Vector3(1, 1, 1)
bones/50/position = Vector3(1.81602e-09, 0.112666, -0.05525)
bones/50/rotation = Quaternion(-1.95515e-08, 0.996371, 0.085113, 1.9552e-07)
bones/51/position = Vector3(-0.0345313, 0.0517966, -3.58211e-09)
bones/51/rotation = Quaternion(0.310326, 0.581094, 0.743808, 0.113034)
bones/52/position = Vector3(-1.5134e-09, 0.274523, 2.73925e-08)
bones/52/rotation = Quaternion(0.0729912, 0.699665, -0.6845, 0.191314)
bones/53/position = Vector3(-3.02687e-10, 0.274523, -2.39874e-08)
bones/53/rotation = Quaternion(0.191992, 0.944183, -0.249653, -0.0965909)
bones/53/scale = Vector3(1, 1, 1)
bones/54/position = Vector3(1.89174e-08, 0.112666, -0.05525)
bones/54/rotation = Quaternion(3.16988e-09, 0.999993, 0.00365179, 1.88615e-07)
bones/54/scale = Vector3(1, 1, 1)

[node name="Armature_mesh" parent="vrm_1_vsekai_godot_engine_humanoid_08/Root/Skeleton3D" index="0"]
material_override = SubResource("StandardMaterial3D_el5ym")

[node name="AnimationPlayer" parent="vrm_1_vsekai_godot_engine_humanoid_08" index="1"]
libraries = {
"": ExtResource("4_lih0x")
}
autoplay = "ANIM_mocap_lyuma_ANIM_mocap_lyuma_08"

[editable path="VVVV_200502"]
[editable path="vrm_1_vsekai_godot_engine_humanoid_08"]
