[gd_scene load_steps=9 format=3 uid="uid://bf6ifpyxcso0f"]

[ext_resource type="Script" path="res://ik_distance.gd" id="1_qlrk8"]
[ext_resource type="PackedScene" uid="uid://bt85fkku7hijs" path="res://vrm_01/vrm_1_vsekai_godot_engine_humanoid_08.tscn" id="1_swweq"]
[ext_resource type="PackedScene" uid="uid://b3kch1ese3obj" path="res://VVVV/vvvv_200502.tscn" id="2_pkdln"]
[ext_resource type="AnimationLibrary" uid="uid://cpaw35bnjcmf4" path="res://ANIM_dance.res" id="3_xhmv4"]

[sub_resource type="ProceduralSkyMaterial" id="ProceduralSkyMaterial_ktm35"]
sky_horizon_color = Color(0.64625, 0.65575, 0.67075, 1)
ground_horizon_color = Color(0.64625, 0.65575, 0.67075, 1)

[sub_resource type="Sky" id="Sky_5474b"]
sky_material = SubResource("ProceduralSkyMaterial_ktm35")

[sub_resource type="Environment" id="Environment_fv2wy"]
background_mode = 2
sky = SubResource("Sky_5474b")
tonemap_mode = 2
glow_enabled = true

[sub_resource type="StandardMaterial3D" id="StandardMaterial3D_sfcab"]
blend_mode = 1
no_depth_test = true

[node name="Node3D" type="Node3D"]
script = ExtResource("1_qlrk8")

[node name="WorldEnvironment" type="WorldEnvironment" parent="."]
environment = SubResource("Environment_fv2wy")

[node name="DirectionalLight3D" type="DirectionalLight3D" parent="."]
transform = Transform3D(-0.866023, -0.433016, 0.250001, 0, 0.499998, 0.866027, -0.500003, 0.749999, -0.43301, 0, 0, 0)
shadow_enabled = true

[node name="vrm_1_vsekai_godot_engine_humanoid_08" parent="." instance=ExtResource("1_swweq")]

[node name="Skeleton3D" parent="vrm_1_vsekai_godot_engine_humanoid_08/Root" index="0"]
bones/0/rest = Transform3D(0.650475, -1.17438e-15, 5.52778e-08, -3.06646e-15, 0.650475, 4.99037e-08, -5.52778e-08, -4.99037e-08, 0.650475, 0, 0, 0)
bones/0/rotation = Quaternion(-3.83594e-08, 4.24903e-08, -7.27188e-16, 1)
bones/0/scale = Vector3(0.650475, 0.650475, 0.650475)
bones/1/rest = Transform3D(0.996393, -0.0252003, -0.0810304, 0.0176143, 0.99551, -0.0930072, 0.0830103, 0.0912444, 0.992363, 0.171748, 0.943726, -0.0133644)
bones/1/position = Vector3(0.132353, 0.936844, 0.00437403)
bones/1/rotation = Quaternion(0.0134478, 0.0364103, 0.0290899, 0.998823)
bones/2/rest = Transform3D(0.997301, -0.0732583, -0.00480971, 0.0724399, 0.992575, -0.0977062, 0.0119318, 0.0970941, 0.995204, 1.67924e-22, 0.159375, -5.32907e-15)
bones/2/position = Vector3(1.67924e-22, 0.159375, -5.32907e-15)
bones/2/rotation = Quaternion(0.00789352, -0.0427103, -0.0120093, 0.998984)
bones/3/rest = Transform3D(0.999458, -0.0238274, 0.0226932, 0.0240636, 0.999658, -0.0101944, -0.0224425, 0.010735, 0.99969, 7.38949e-23, 0.119791, -3.55271e-15)
bones/3/position = Vector3(7.38949e-23, 0.119791, -3.55271e-15)
bones/3/rotation = Quaternion(0.00784306, 0.0169786, 0.0136202, 0.999732)
bones/4/rest = Transform3D(0.999582, -0.0280573, -0.00696034, 0.0275114, 0.99724, -0.0689652, 0.00887611, 0.0687449, 0.997595, -3.3002e-23, 0.287501, -7.10543e-15)
bones/4/position = Vector3(-3.3002e-23, 0.287501, -7.10543e-15)
bones/4/rotation = Quaternion(0.0392932, -0.000985169, 0.00584676, 0.99921)
bones/5/rest = Transform3D(0.991349, 0.131218, 0.00309348, -0.129469, 0.973723, 0.187353, 0.0215718, -0.186133, 0.982288, 3.00985e-24, 0.141666, -7.10543e-15)
bones/5/position = Vector3(3.00985e-24, 0.141666, -7.10543e-15)
bones/5/rotation = Quaternion(0.180204, -0.17881, -0.0554997, 0.965647)
bones/6/rest = Transform3D(1, -0.000104686, 7.4281e-08, 6.33034e-08, -0.000104861, -1, 0.000104686, 1, -0.000104861, 0.028333, 0.0354171, 9.69794e-10)
bones/6/position = Vector3(0.028333, 0.0354171, 9.69794e-10)
bones/6/rotation = Quaternion(0.707144, -3.69879e-05, 3.70365e-05, 0.70707)
bones/7/rest = Transform3D(1, 0.000104623, 6.14597e-08, 7.24306e-08, -0.000104861, -1, -0.000104623, 1, -0.000104861, -0.028333, 0.0354171, -9.69801e-10)
bones/7/position = Vector3(-0.028333, 0.0354171, -9.69801e-10)
bones/7/rotation = Quaternion(0.707144, 3.70134e-05, -3.69661e-05, 0.70707)
bones/8/rest = Transform3D(1, 5.58794e-09, 9.31324e-09, -5.58794e-09, 1, 1.39698e-07, -9.31324e-09, -1.39698e-07, 1, 1.30385e-08, 0.035417, 0.03)
bones/8/position = Vector3(1.30385e-08, 0.035417, 0.03)
bones/8/rotation = Quaternion(-6.9849e-08, 4.65662e-09, -2.79397e-09, 1)
bones/8/scale = Vector3(1, 1, 1)
bones/9/rest = Transform3D(0.0197654, 0.933927, 0.356916, -0.0309495, -0.356243, 0.933881, 0.999326, -0.0295049, 0.0218633, 0.025, 0.287501, 8.55707e-10)
bones/9/position = Vector3(0.025, 0.287501, 8.55707e-10)
bones/9/rotation = Quaternion(0.592417, 0.372279, 0.566221, -0.435712)
bones/10/rest = Transform3D(-0.928292, -0.362931, 0.0809642, -0.270125, 0.508528, -0.817577, 0.255551, -0.78082, -0.570099, -3.17968e-15, 0.08, 1.19209e-07)
bones/10/position = Vector3(-3.17968e-15, 0.08, 1.19209e-07)
bones/10/rotation = Quaternion(-0.0439761, 0.848383, -0.466134, -0.247045)
bones/11/rest = Transform3D(-0.287339, -0.508603, -0.81164, -0.0931179, 0.858194, -0.504809, 0.953292, -0.0694735, -0.293953, 3.55271e-15, 0.31875, -1.19209e-07)
bones/11/position = Vector3(3.55271e-15, 0.31875, -1.19209e-07)
bones/11/rotation = Quaternion(0.195534, -0.614351, 0.204046, 0.736685)
bones/12/rest = Transform3D(0.204621, -0.185249, 0.961152, -0.266893, 0.934164, 0.236866, -0.941753, -0.304993, 0.141708, -1.19209e-07, 0.255, 2.4869e-14)
bones/12/position = Vector3(-1.19209e-07, 0.255, 2.4869e-14)
bones/12/rotation = Quaternion(-0.257526, 0.694131, 0.124458, 0.660584)
bones/13/rest = Transform3D(-0.244859, -0.295618, 0.922774, 0.400386, 0.835973, 0.373924, -0.883026, 0.461025, -0.0863344, -0.0298827, -2.98023e-07, -2.37185e-07)
bones/13/position = Vector3(-0.0298827, -2.98023e-07, -2.37185e-07)
bones/13/rotation = Quaternion(-0.00885097, 0.717193, 0.274849, 0.640324)
bones/13/scale = Vector3(1, 0.999392, 0.999392)
bones/14/rest = Transform3D(0.999916, 0.000122009, -0.0129295, -0.00204681, 0.988841, -0.14896, 0.0127671, 0.148974, 0.988759, 2.33234e-07, 0.034004, -0.00583392)
bones/14/position = Vector3(2.33234e-07, 0.034004, -0.00583392)
bones/14/rotation = Quaternion(0.0175822, -0.00942095, -0.000794981, 0.999801)
bones/14/scale = Vector3(1, 1, 1)
bones/15/rest = Transform3D(0.999893, 0.000371907, -0.0146057, -0.00208157, 0.993104, -0.117215, 0.0144614, 0.117233, 0.992999, 1.00796e-07, 0.025504, -0.00437599)
bones/15/position = Vector3(1.00796e-07, 0.025504, -0.00437599)
bones/15/rotation = Quaternion(0.00202712, -0.010227, -0.00086301, 0.999945)
bones/16/rest = Transform3D(0.997499, 0.0563859, 0.0426235, -0.0245568, 0.841911, -0.539058, -0.0662804, 0.536663, 0.841189, -0.029883, 0.0796871, -1.17976e-07)
bones/16/position = Vector3(-0.029883, 0.0796871, -1.17976e-07)
bones/16/rotation = Quaternion(0.00621393, -0.0424121, -0.011167, 0.999018)
bones/17/rest = Transform3D(0.999857, 0.00181634, -0.0167868, -0.0094785, 0.883146, -0.469002, 0.0139733, 0.469095, 0.883037, -2.77701e-09, 0.029492, -1.14057e-07)
bones/17/position = Vector3(-2.77701e-09, 0.029492, -1.14057e-07)
bones/17/rotation = Quaternion(-0.00893598, -0.034191, -0.012552, 0.999297)
bones/18/rest = Transform3D(0.999893, 0.00142754, -0.0145504, -0.00832876, 0.873563, -0.48664, 0.012016, 0.486709, 0.873482, -2.777e-09, 0.02212, -1.14057e-07)
bones/18/position = Vector3(-2.777e-09, 0.02212, -1.14057e-07)
bones/18/rotation = Quaternion(0.00282216, -0.0330067, -0.012117, 0.999378)
bones/19/rest = Transform3D(0.999455, 0.00655094, -0.0323518, -0.00732439, 0.999689, -0.023847, 0.0321855, 0.024071, 0.999192, -0.00996099, 0.0796871, -1.18798e-07)
bones/19/position = Vector3(-0.00996099, 0.0796871, -1.18798e-07)
bones/19/rotation = Quaternion(0.00103597, -0.0171451, -0.003967, 0.999845)
bones/20/rest = Transform3D(0.999688, 0.0100493, -0.0228456, -0.0105228, 0.99973, -0.020701, 0.0226314, 0.0209349, 0.999525, -9.14369e-10, 0.03446, -1.17492e-07)
bones/20/position = Vector3(-9.14369e-10, 0.03446, -1.17492e-07)
bones/20/rotation = Quaternion(0.000671984, -0.011718, -0.00530101, 0.999917)
bones/21/rest = Transform3D(0.999688, 0.0100494, -0.0228456, -0.0105228, 0.99973, -0.020701, 0.0226314, 0.0209349, 0.999525, -9.14355e-10, 0.025844, -1.17492e-07)
bones/21/position = Vector3(-9.14355e-10, 0.025844, -1.17492e-07)
bones/21/rotation = Quaternion(0.000671989, -0.011718, -0.005301, 0.999917)
bones/22/rest = Transform3D(0.999988, 0.00421999, -0.00261084, -0.00419589, 0.999949, 0.00916744, 0.0026494, -0.00915637, 0.999955, 0.00996099, 0.0796871, -1.1962e-07)
bones/22/position = Vector3(0.00996099, 0.0796871, -1.1962e-07)
bones/22/rotation = Quaternion(-0.00458102, -0.00131508, -0.002104, 0.999986)
bones/23/rest = Transform3D(0.999967, 0.00238275, -0.00781795, -0.00218084, 0.999666, 0.0257346, 0.00787666, -0.0257167, 0.999638, 9.48276e-10, 0.029492, -1.20927e-07)
bones/23/position = Vector3(9.48276e-10, 0.029492, -1.20927e-07)
bones/23/rotation = Quaternion(-0.012864, -0.00392401, -0.001141, 0.999909)
bones/24/rest = Transform3D(0.999968, 0.00224123, -0.00761713, -0.00219475, 0.999979, 0.0061044, 0.00763065, -0.00608749, 0.999952, 9.4829e-10, 0.02212, -1.20927e-07)
bones/24/position = Vector3(9.4829e-10, 0.02212, -1.20927e-07)
bones/24/rotation = Quaternion(-0.00304801, -0.00381199, -0.00110901, 0.999987)
bones/25/rest = Transform3D(0.99985, 0.016948, 0.00367408, -0.0169587, 0.999852, 0.00291617, -0.00362412, -0.00297803, 0.999989, 0.029883, 0.0796871, -1.20443e-07)
bones/25/position = Vector3(0.029883, 0.0796871, -1.20443e-07)
bones/25/rotation = Quaternion(-0.00365529, 0.00207822, -0.00873594, 0.999953)
bones/26/rest = Transform3D(0.999466, -0.00905311, 0.031385, 0.00907568, 0.999959, -0.000576916, -0.0313785, 0.000861449, 0.999507, 9.48276e-10, 0.022319, -1.24361e-07)
bones/26/position = Vector3(9.48276e-10, 0.022319, -1.24361e-07)
bones/26/rotation = Quaternion(-0.00162244, 0.0157873, 0.00456005, 0.999864)
bones/27/rest = Transform3D(0.999466, -0.00905308, 0.031385, 0.00907566, 0.999959, -0.000576947, -0.0313785, 0.000861478, 0.999507, 9.4829e-10, 0.016738, -1.24361e-07)
bones/27/position = Vector3(9.4829e-10, 0.016738, -1.24361e-07)
bones/27/rotation = Quaternion(-0.00162243, 0.0157873, 0.00456005, 0.999864)
bones/28/rest = Transform3D(-0.242793, -0.931375, -0.271278, -0.0599916, -0.264694, 0.962465, -0.968221, 0.249954, 0.00839123, -0.025, 0.287501, -8.55721e-10)
bones/28/position = Vector3(-0.025, 0.287501, -8.55721e-10)
bones/28/rotation = Quaternion(-0.535076, 0.455436, 0.588569, 0.399822)
bones/29/rest = Transform3D(-0.922144, -0.383512, 0.0506882, -0.301518, 0.630456, -0.715271, 0.242359, -0.674866, -0.697007, 3.92575e-15, 0.08, 1.19209e-07)
bones/29/position = Vector3(3.92575e-15, 0.08, 1.19209e-07)
bones/29/rotation = Quaternion(0.0794508, 0.86173, -0.500986, 0.0110284)
bones/30/rest = Transform3D(0.202896, 0.289711, 0.935361, -0.111618, 0.955846, -0.271844, -0.972818, -0.0492466, 0.226275, -1.77636e-15, 0.31875, -1.19209e-07)
bones/30/position = Vector3(-1.77636e-15, 0.31875, -1.19209e-07)
bones/30/rotation = Quaternion(0.218058, 0.593659, -0.376074, 0.677191)
bones/31/rest = Transform3D(-0.256308, 0.547692, -0.796454, -0.00935437, 0.822535, 0.568637, 0.96655, 0.153197, -0.205699, -8.34465e-07, 0.255, 3.19744e-14)
bones/31/position = Vector3(-8.34465e-07, 0.255, 3.19744e-14)
bones/31/rotation = Quaternion(-0.328835, -0.749936, -0.0255984, 0.573418)
bones/32/rest = Transform3D(-0.301069, 0.223964, -0.926333, -0.458641, 0.817665, 0.346574, 0.836065, 0.529197, -0.143454, 0.0298827, -2.98023e-07, -1.1593e-07)
bones/32/position = Vector3(0.0298827, -2.98023e-07, -1.1593e-07)
bones/32/rotation = Quaternion(-0.00891978, -0.717086, -0.274639, 0.640532)
bones/32/scale = Vector3(1, 0.999392, 0.999392)
bones/33/rest = Transform3D(0.999974, 0.000325539, 0.00713722, 0.00151052, 0.966747, -0.255729, -0.00698314, 0.255733, 0.966722, -1.18071e-06, 0.034003, -0.00583295)
bones/33/position = Vector3(-1.18071e-06, 0.034003, -0.00583295)
bones/33/rotation = Quaternion(0.0172878, 0.00936499, 0.000787, 0.999806)
bones/33/scale = Vector3(1, 1, 1)
bones/34/rest = Transform3D(0.999961, 0.000260862, 0.00882334, 0.00172668, 0.974473, -0.224498, -0.00865667, 0.224504, 0.974435, -2.20006e-07, 0.0255049, -0.00437595)
bones/34/position = Vector3(-2.20006e-07, 0.0255049, -0.00437595)
bones/34/rotation = Quaternion(0.00203713, 0.010148, 0.000852013, 0.999946)
bones/34/scale = Vector3(1, 1, 1)
bones/35/rest = Transform3D(0.998394, -0.0498712, -0.0268699, 0.0312028, 0.88001, -0.473929, 0.0472811, 0.472329, 0.880153, 0.029883, 0.0796871, -1.1593e-07)
bones/35/position = Vector3(0.029883, 0.0796871, -1.1593e-07)
bones/35/rotation = Quaternion(0.323832, -0.0491316, 0.0520857, 0.943401)
bones/36/rest = Transform3D(0.999691, -0.00354263, 0.0245988, 0.0132142, 0.91405, -0.405387, -0.0210484, 0.405586, 0.913814, 2.77693e-09, 0.029492, -1.14057e-07)
bones/36/position = Vector3(2.77693e-09, 0.029492, -1.14057e-07)
bones/36/rotation = Quaternion(0.280317, 0.00368248, 0.00135207, 0.959899)
bones/37/rest = Transform3D(0.999749, -0.00294806, 0.0221872, 0.0121087, 0.904936, -0.425375, -0.018824, 0.425537, 0.904745, 2.77693e-09, 0.02212, -1.14057e-07)
bones/37/position = Vector3(2.77693e-09, 0.02212, -1.14057e-07)
bones/37/rotation = Quaternion(0.290736, 0.00252784, 0.000928537, 0.956799)
bones/38/rest = Transform3D(0.999237, -0.010108, 0.0377348, 0.00872524, 0.999291, 0.0366315, -0.0380783, -0.0362743, 0.998616, 0.00996099, 0.0796871, -1.18116e-07)
bones/38/position = Vector3(0.00996099, 0.0796871, -1.18116e-07)
bones/38/rotation = Quaternion(-0.018233, 0.01896, 0.00471, 0.999643)
bones/39/rest = Transform3D(0.999633, -0.0115557, 0.0244863, 0.010723, 0.999369, 0.0338697, -0.0248622, -0.0335947, 0.999126, 9.14284e-10, 0.03446, -1.17492e-07)
bones/39/position = Vector3(9.14284e-10, 0.03446, -1.17492e-07)
bones/39/rotation = Quaternion(-0.0168701, 0.01234, 0.005571, 0.999766)
bones/40/rest = Transform3D(0.999634, -0.0115488, 0.0244797, 0.0107221, 0.999377, 0.0336356, -0.0248529, -0.0333609, 0.999134, 9.14284e-10, 0.025844, -1.17492e-07)
bones/40/position = Vector3(9.14284e-10, 0.025844, -1.17492e-07)
bones/40/rotation = Quaternion(-0.016753, 0.012336, 0.005569, 0.999768)
bones/41/rest = Transform3D(0.999988, -0.00373167, 0.0030535, 0.00372747, 0.999992, 0.00137837, -0.00305862, -0.00136697, 0.999994, -0.00996099, 0.0796871, -1.20302e-07)
bones/41/position = Vector3(-0.00996099, 0.0796871, -1.20302e-07)
bones/41/rotation = Quaternion(-0.0022494, 0.00144603, 0.00194971, 0.999995)
bones/42/rest = Transform3D(0.999967, -0.00234102, 0.00775263, 0.00218567, 0.999798, 0.0199861, -0.00779785, -0.0199685, 0.99977, -9.48361e-10, 0.029492, -1.20927e-07)
bones/42/position = Vector3(-9.48361e-10, 0.029492, -1.20927e-07)
bones/42/rotation = Quaternion(-0.0115762, 0.00390535, 0.00113656, 0.999925)
bones/43/rest = Transform3D(0.999969, -0.00218678, 0.0075336, 0.00219702, 0.999997, -0.00135099, -0.00753062, 0.0013675, 0.999971, -9.48361e-10, 0.02212, -1.20927e-07)
bones/43/position = Vector3(-9.48361e-10, 0.02212, -1.20927e-07)
bones/43/rotation = Quaternion(-0.000932205, 0.00378428, 0.00110148, 0.999992)
bones/44/rest = Transform3D(0.99996, -0.00851051, 0.00260353, 0.0086096, 0.999131, -0.0407699, -0.00225429, 0.0407907, 0.999165, -0.029883, 0.0796871, -1.22488e-07)
bones/44/position = Vector3(-0.029883, 0.0796871, -1.22488e-07)
bones/44/rotation = Quaternion(-0.000701019, -0.00172297, 0.008357, 0.999963)
bones/45/rest = Transform3D(0.999529, 0.0079224, -0.0296528, -0.00911033, 0.999152, -0.0401428, 0.0293096, 0.040394, 0.998754, -9.48361e-10, 0.022319, -1.24361e-07)
bones/45/position = Vector3(-9.48361e-10, 0.022319, -1.24361e-07)
bones/45/rotation = Quaternion(0.00110092, -0.015655, -0.004522, 0.999867)
bones/46/rest = Transform3D(0.999529, 0.00792238, -0.0296528, -0.0091103, 0.999152, -0.0401427, 0.0293096, 0.040394, 0.998754, -9.48361e-10, 0.016738, -1.24361e-07)
bones/46/position = Vector3(-9.48361e-10, 0.016738, -1.24361e-07)
bones/46/rotation = Quaternion(0.00110093, -0.015655, -0.00452201, 0.999867)
bones/47/rest = Transform3D(-0.956185, -0.0315573, -0.291056, -0.00663449, -0.991582, 0.129307, -0.292687, 0.125572, 0.947927, 0.053125, 0.0796871, 1.81839e-09)
bones/47/position = Vector3(0.053125, 0.0796871, 1.81839e-09)
bones/47/rotation = Quaternion(-0.101658, 0.0329548, 0.992213, 0.0639741)
bones/48/rest = Transform3D(-0.993174, -0.0411031, -0.10916, -0.0189433, 0.980269, -0.196758, 0.115094, -0.193347, -0.974356, 0, 0.422343, -1.33227e-15)
bones/48/position = Vector3(0, 0.422343, -1.33227e-15)
bones/48/rotation = Quaternion(-0.0159141, 0.993857, -0.109331, -0.00641328)
bones/49/rest = Transform3D(-0.999102, -0.00140998, -0.0423471, 0.0423622, -0.0530092, -0.997695, -0.000838054, -0.998593, 0.0530213, 0, 0.422344, 2.66454e-15)
bones/49/position = Vector3(0, 0.422344, 2.66454e-15)
bones/49/rotation = Quaternion(-0.0298547, -0.667525, 0.743985, 0.00217399)
bones/50/rest = Transform3D(-1, -7.22437e-08, 3.86292e-07, -5.67862e-09, 0.985512, 0.169608, -3.92948e-07, 0.169608, -0.985512, 2.23517e-08, 0.173333, -0.0849999)
bones/50/position = Vector3(2.23517e-08, 0.173333, -0.0849999)
bones/50/rotation = Quaternion(-1.95515e-08, 0.996371, 0.085113, 1.9552e-07)
bones/51/rest = Transform3D(-0.956053, -0.15706, 0.24758, 0.209022, -0.957264, 0.19989, 0.205604, 0.242855, 0.948023, -0.053125, 0.0796871, -1.81839e-09)
bones/51/position = Vector3(-0.053125, 0.0796871, -1.81839e-09)
bones/51/rotation = Quaternion(0.0153488, 0.112146, 0.989222, 0.0928793)
bones/52/rest = Transform3D(-0.983673, 0.0463598, 0.173894, -0.00707827, 0.955538, -0.294784, -0.179829, -0.291202, -0.939608, 0, 0.422343, -2.22045e-15)
bones/52/position = Vector3(0, 0.422343, -2.22045e-15)
bones/52/rotation = Quaternion(0.0155836, 0.973262, -0.228915, -0.0107463)
bones/53/rest = Transform3D(-0.978986, 0.0822491, -0.186606, 0.193615, 0.0875642, -0.977162, -0.0640307, -0.992758, -0.101649, 0, 0.422344, 4.44089e-15)
bones/53/position = Vector3(0, 0.422344, 4.44089e-15)
bones/53/rotation = Quaternion(-0.00545722, 0.727071, -0.686271, -0.0192444)
bones/54/rest = Transform3D(-1, -2.06355e-09, 4.03988e-07, -7.60484e-10, 0.999995, 0.00322549, -4.03992e-07, 0.00322549, -0.999995, 2.23517e-08, 0.173333, -0.0849999)
bones/54/position = Vector3(2.23517e-08, 0.173333, -0.0849999)
bones/54/rotation = Quaternion(1.38596e-09, 0.999991, 0.00415663, 1.97276e-07)

[node name="Armature_mesh" parent="vrm_1_vsekai_godot_engine_humanoid_08/Root/Skeleton3D" index="0"]
surface_material_override/0 = SubResource("StandardMaterial3D_sfcab")

[node name="AnimationPlayer" parent="vrm_1_vsekai_godot_engine_humanoid_08" index="1"]
libraries = {
"ANIM_dance": ExtResource("3_xhmv4")
}
autoplay = "ANIM_dance/ANIM_mocap_lyuma_ANIM_mocap_lyuma_08"

[node name="VVVV_200502" parent="." instance=ExtResource("2_pkdln")]

[node name="GeneralSkeleton" parent="VVVV_200502/Armature" index="0"]
bones/0/position = Vector3(-0.000290782, 0.749456, -0.000743445)
bones/0/rotation = Quaternion(0.212145, 0.0403984, 0.0158016, 0.976275)
bones/21/position = Vector3(0.0731263, -0.0284874, -0.00101876)
bones/21/rotation = Quaternion(-0.353834, 0.200105, 0.910462, -0.0762778)
bones/22/position = Vector3(0.00965147, 0.278987, 0.0076475)
bones/22/rotation = Quaternion(-0.00599212, 0.965525, 0.0127664, 0.259928)
bones/23/position = Vector3(-0.00889025, 0.337273, 0.000891945)
bones/23/rotation = Quaternion(-0.0277004, 0.924057, -0.379616, -0.0352587)
bones/23/scale = Vector3(1, 1, 1)
bones/24/position = Vector3(0.00493297, 0.00373887, -0.10383)
bones/24/rotation = Quaternion(-0.0518629, 0.905266, 0.420855, 0.0261748)
bones/24/scale = Vector3(1, 1, 1)
bones/33/position = Vector3(-0.07313, -0.028487, -0.00102139)
bones/33/rotation = Quaternion(-0.397938, 0.21638, 0.886033, -0.0988477)
bones/33/scale = Vector3(1, 1, 1)
bones/34/position = Vector3(-0.00965254, 0.27899, 0.00764826)
bones/34/rotation = Quaternion(0.00622319, 0.920793, -0.0201718, 0.389479)
bones/34/scale = Vector3(1, 1, 1)
bones/35/position = Vector3(0.00889197, 0.337273, 0.000894903)
bones/35/rotation = Quaternion(-0.0962606, 0.921856, -0.375213, -0.0114087)
bones/35/scale = Vector3(1, 1, 1)
bones/36/position = Vector3(-0.00493375, 0.00373563, -0.103827)
bones/36/rotation = Quaternion(-0.0293419, 0.9683, 0.244569, 0.0414693)
bones/36/scale = Vector3(1, 1, 1)
bones/40/position = Vector3(1.03028e-08, 0.112506, 0.0258579)
bones/40/rotation = Quaternion(-0.107415, -0.0949147, -0.0246449, 0.989366)
bones/41/position = Vector3(-9.13861e-09, 0.161971, -0.0285273)
bones/41/rotation = Quaternion(-0.022406, -0.0130296, -0.0209593, 0.999444)
bones/41/scale = Vector3(1, 1, 1)
bones/56/position = Vector3(0.045, 0.0170323, 9.31322e-09)
bones/56/rotation = Quaternion(0.490334, 0.0828153, 0.720684, -0.483041)
bones/57/position = Vector3(-3.72531e-09, 0.0339932, -0.00833464)
bones/57/rotation = Quaternion(0.133057, 0.952787, -0.254602, 0.0983405)
bones/58/position = Vector3(0.00010341, 0.176997, 0.00102091)
bones/58/rotation = Quaternion(-0.0687529, 0.93014, -0.0488156, -0.357392)
bones/58/scale = Vector3(1, 1, 1)
bones/59/position = Vector3(0.000538945, 0.190014, -1.25207e-05)
bones/59/rotation = Quaternion(0.311484, -0.591365, 0.693585, -0.268709)
bones/59/scale = Vector3(1, 1, 1)
bones/85/position = Vector3(-3.64671e-08, 0.0395337, -0.000972135)
bones/85/rotation = Quaternion(0.0459154, 0.0654827, 0.0244992, 0.996496)
bones/85/scale = Vector3(1, 1, 1)
bones/86/position = Vector3(1.90339e-08, 0.0563413, 0.0135837)
bones/86/rotation = Quaternion(0.117527, -0.0539268, -0.397196, 0.908579)
bones/86/scale = Vector3(1, 1, 1)
bones/165/position = Vector3(-0.045, 0.0170305, 5.58794e-09)
bones/165/rotation = Quaternion(0.692251, 0.203251, -0.69099, 0.0448335)
bones/165/scale = Vector3(1, 1, 1)
bones/166/position = Vector3(-1.15484e-07, 0.0340878, -0.00793862)
bones/166/rotation = Quaternion(-0.192206, 0.949128, 0.228729, 0.0994753)
bones/167/position = Vector3(-0.000102334, 0.176997, 0.00102484)
bones/167/rotation = Quaternion(0.00549152, 0.30602, -0.0198509, 0.951802)
bones/168/position = Vector3(-0.000538349, 0.190013, -1.11684e-05)
bones/168/rotation = Quaternion(0.71294, 0.178501, 0.631813, -0.246304)
bones/168/scale = Vector3(1, 1, 1)
bones/201/rotation = Quaternion(-0.000496028, 4.24977e-08, 0.000193995, 1)

[node name="ManyBoneIK3D" type="ManyBoneIK3D" parent="VVVV_200502/Armature/GeneralSkeleton" index="3"]
process_priority = 1
process_thread_group = 2
process_thread_group_order = 100
process_thread_messages = 0
transform = Transform3D(1, 0, 0, 0, 1, 0, 0, 0, 1, 0.00242291, -2.22045e-16, 0.000464478)
iterations_per_frame = 30.0
default_damp = 0.872839
constraint_count = 20
constraints/0/bone_name = &"Hips"
constraints/0/resistance = 0.0
constraints/0/twist_from = 0.0
constraints/0/twist_range = 6.28319
constraints/0/twist_current = null
constraints/0/kusudama_limit_cone_count = 1
constraints/0/kusudama_limit_cone/0/center = Vector3(0, 0, 1)
constraints/0/kusudama_limit_cone/0/radius = 0.0523599
constraints/0/kusudama_twist = Transform3D(1, 0, 0, 0, 1, 0, 0, 0, 1, 0, 0, 0)
constraints/0/kusudama_orientation = Transform3D(1, 0, 0, 0, 1, 0, 0, 0, 1, -0.000290782, 0.749456, -0.000743445)
constraints/0/bone_direction = Transform3D(1, 6.10636e-05, 1.25427e-05, -6.10636e-05, 0.919034, 0.394178, 1.25427e-05, -0.394178, 0.919034, 0, 0, 0)
constraints/1/bone_name = &"LeftUpperLeg"
constraints/1/resistance = 0.8
constraints/1/twist_from = 5.23599
constraints/1/twist_range = 0.174533
constraints/1/twist_current = null
constraints/1/kusudama_limit_cone_count = 1
constraints/1/kusudama_limit_cone/0/center = Vector3(0, 0, -1)
constraints/1/kusudama_limit_cone/0/radius = 0.436332
constraints/1/kusudama_twist = Transform3D(1, 0, 0, 0, 1, 0, 0, 0, 1, 0, 0, 0)
constraints/1/kusudama_orientation = Transform3D(1, 0, 0, 0, 1, 0, 0, 0, 1, 0.0731263, -0.0284874, -0.00101876)
constraints/1/bone_direction = Transform3D(0.999402, -0.034561, -0.000473458, 0.034561, 0.999027, 0.027385, -0.000473458, -0.027385, 0.999625, 0, 0, 0)
constraints/2/bone_name = &"LeftLowerLeg"
constraints/2/resistance = 0.0
constraints/2/twist_from = 0.0
constraints/2/twist_range = 6.28319
constraints/2/twist_current = null
constraints/2/kusudama_limit_cone_count = 3
constraints/2/kusudama_limit_cone/0/center = Vector3(0, 0, 1)
constraints/2/kusudama_limit_cone/0/radius = 0.0436332
constraints/2/kusudama_limit_cone/1/center = Vector3(0, 1, 0)
constraints/2/kusudama_limit_cone/1/radius = 0.0436332
constraints/2/kusudama_limit_cone/2/center = Vector3(0, 0, -1)
constraints/2/kusudama_limit_cone/2/radius = 0.0436332
constraints/2/kusudama_twist = Transform3D(1, 0, 0, 0, 1, 0, 0, 0, 1, 0, 0, 0)
constraints/2/kusudama_orientation = Transform3D(1, 0, 0, 0, 1, 0, 0, 0, 1, 0.00965147, 0.278987, 0.0076475)
constraints/2/bone_direction = Transform3D(0.999653, 0.02635, 3.48362e-05, -0.02635, 0.999649, 0.00264365, 3.48362e-05, -0.00264365, 0.999997, 0, 0, 0)
constraints/3/bone_name = &"LeftFoot"
constraints/3/resistance = 0.0
constraints/3/twist_from = 0.0
constraints/3/twist_range = 6.28319
constraints/3/twist_current = null
constraints/3/kusudama_limit_cone_count = 4
constraints/3/kusudama_limit_cone/0/center = Vector3(0, -0.707107, 0.707107)
constraints/3/kusudama_limit_cone/0/radius = 0.0436332
constraints/3/kusudama_limit_cone/1/center = Vector3(0, 0, -1)
constraints/3/kusudama_limit_cone/1/radius = 0.0
constraints/3/kusudama_limit_cone/2/center = Vector3(0, 0.707107, -0.707107)
constraints/3/kusudama_limit_cone/2/radius = 0.0436332
constraints/3/kusudama_limit_cone/3/center = Vector3(0, 0, -1)
constraints/3/kusudama_limit_cone/3/radius = 0.0
constraints/3/kusudama_twist = Transform3D(1, 0, 0, 0, 1, 0, 0, 0, 1, 0, 0, 0)
constraints/3/kusudama_orientation = Transform3D(1, 0, 0, 0, 1, 0, 0, 0, 1, -0.00889025, 0.337273, 0.000891945)
constraints/3/bone_direction = Transform3D(0.997829, -0.0474258, 0.045699, 0.0474258, 0.0359456, -0.998228, 0.045699, 0.998228, 0.0381167, 0, 0, 0)
constraints/4/bone_name = &"RightUpperLeg"
constraints/4/resistance = 0.8
constraints/4/twist_from = 5.23599
constraints/4/twist_range = 0.174533
constraints/4/twist_current = null
constraints/4/kusudama_limit_cone_count = 1
constraints/4/kusudama_limit_cone/0/center = Vector3(0, 0, -1)
constraints/4/kusudama_limit_cone/0/radius = 0.436332
constraints/4/kusudama_twist = Transform3D(1, 0, 0, 0, 1, 0, 0, 0, 1, 0, 0, 0)
constraints/4/kusudama_orientation = Transform3D(1, 0, 0, 0, 1, 0, 0, 0, 1, -0.07313, -0.028487, -0.00102139)
constraints/4/bone_direction = Transform3D(0.999402, 0.0345645, 0.000473547, -0.0345645, 0.999027, 0.0273874, 0.000473547, -0.0273874, 0.999625, 0, 0, 0)
constraints/5/bone_name = &"RightLowerLeg"
constraints/5/resistance = 0.0
constraints/5/twist_from = 0.0
constraints/5/twist_range = 6.28319
constraints/5/twist_current = null
constraints/5/kusudama_limit_cone_count = 3
constraints/5/kusudama_limit_cone/0/center = Vector3(0, 0, 1)
constraints/5/kusudama_limit_cone/0/radius = 0.0436332
constraints/5/kusudama_limit_cone/1/center = Vector3(0, 1, 0)
constraints/5/kusudama_limit_cone/1/radius = 0.0436332
constraints/5/kusudama_limit_cone/2/center = Vector3(0, 0, -1)
constraints/5/kusudama_limit_cone/2/radius = 0.0436332
constraints/5/kusudama_twist = Transform3D(1, 0, 0, 0, 1, 0, 0, 0, 1, 0, 0, 0)
constraints/5/kusudama_orientation = Transform3D(1, 0, 0, 0, 1, 0, 0, 0, 1, -0.00965254, 0.27899, 0.00764826)
constraints/5/bone_direction = Transform3D(0.999653, -0.0263551, -3.49585e-05, 0.0263551, 0.999649, 0.00265242, -3.49585e-05, -0.00265242, 0.999996, 0, 0, 0)
constraints/6/bone_name = &"RightFoot"
constraints/6/resistance = 0.0
constraints/6/twist_from = 0.0
constraints/6/twist_range = 6.28319
constraints/6/twist_current = null
constraints/6/kusudama_limit_cone_count = 4
constraints/6/kusudama_limit_cone/0/center = Vector3(0, -0.707107, 0.707107)
constraints/6/kusudama_limit_cone/0/radius = 0.0436332
constraints/6/kusudama_limit_cone/1/center = Vector3(0, 0, -1)
constraints/6/kusudama_limit_cone/1/radius = 0.0
constraints/6/kusudama_limit_cone/2/center = Vector3(0, 0.707107, -0.707107)
constraints/6/kusudama_limit_cone/2/radius = 0.0436332
constraints/6/kusudama_limit_cone/3/center = Vector3(0, 0, -1)
constraints/6/kusudama_limit_cone/3/radius = 0.0
constraints/6/kusudama_twist = Transform3D(1, 0, 0, 0, 1, 0, 0, 0, 1, 0, 0, 0)
constraints/6/kusudama_orientation = Transform3D(1, 0, 0, 0, 1, 0, 0, 0, 1, 0.00889197, 0.337273, 0.000894903)
constraints/6/bone_direction = Transform3D(0.997828, 0.0474349, -0.0457092, -0.0474349, 0.0359157, -0.998228, -0.0457092, 0.998228, 0.0380878, 0, 0, 0)
constraints/7/bone_name = &"Spine"
constraints/7/resistance = 0.5
constraints/7/twist_from = 0.0698132
constraints/7/twist_range = 0.174533
constraints/7/twist_current = null
constraints/7/kusudama_limit_cone_count = 1
constraints/7/kusudama_limit_cone/0/center = Vector3(0, 0, 1)
constraints/7/kusudama_limit_cone/0/radius = 0.0523599
constraints/7/kusudama_twist = Transform3D(1, 0, 0, 0, 1, 0, 0, 0, 1, 0, 0, 0)
constraints/7/kusudama_orientation = Transform3D(1, 0, 0, 0, 1, 0, 0, 0, 1, 1.03028e-08, 0.112506, 0.0258579)
constraints/7/bone_direction = Transform3D(1, 5.5566e-08, -4.85594e-09, -5.5566e-08, 0.984842, -0.173456, -4.85594e-09, 0.173456, 0.984842, 0, 0, 0)
constraints/8/bone_name = &"Chest"
constraints/8/resistance = 0.5
constraints/8/twist_from = 0.0872665
constraints/8/twist_range = -0.174533
constraints/8/twist_current = null
constraints/8/kusudama_limit_cone_count = 1
constraints/8/kusudama_limit_cone/0/center = Vector3(0, 0, 1)
constraints/8/kusudama_limit_cone/0/radius = 0.0523599
constraints/8/kusudama_twist = Transform3D(1, 0, 0, 0, 1, 0, 0, 0, 1, 0, 0, 0)
constraints/8/kusudama_orientation = Transform3D(1, 0, 0, 0, 1, 0, 0, 0, 1, -9.13861e-09, 0.161971, -0.0285273)
constraints/8/bone_direction = Transform3D(1, 4.95457e-07, -3.27205e-09, -4.95457e-07, 0.999913, -0.0132076, -3.27205e-09, 0.0132076, 0.999913, 0, 0, 0)
constraints/9/bone_name = &"LeftShoulder"
constraints/9/resistance = 0.0
constraints/9/twist_from = 0.0
constraints/9/twist_range = 6.28319
constraints/9/twist_current = null
constraints/9/kusudama_limit_cone_count = 0
constraints/9/kusudama_twist = Transform3D(1, 0, 0, 0, 1, 0, 0, 0, 1, 0, 0, 0)
constraints/9/kusudama_orientation = Transform3D(1, 0, 0, 0, 1, 0, 0, 0, 1, 0.045, 0.0170323, 9.31322e-09)
constraints/9/bone_direction = Transform3D(1, 1.06437e-07, -1.2858e-08, -1.06437e-07, 0.971233, -0.238132, -1.2858e-08, 0.238132, 0.971233, 0, 0, 0)
constraints/10/bone_name = &"LeftUpperArm"
constraints/10/resistance = 0.3
constraints/10/twist_from = 1.39626
constraints/10/twist_range = 0.20944
constraints/10/twist_current = null
constraints/10/kusudama_limit_cone_count = 1
constraints/10/kusudama_limit_cone/0/center = Vector3(0, 0, 1)
constraints/10/kusudama_limit_cone/0/radius = 1.5708
constraints/10/kusudama_twist = Transform3D(1, 0, 0, 0, 1, 0, 0, 0, 1, 0, 0, 0)
constraints/10/kusudama_orientation = Transform3D(1, 0, 0, 0, 1, 0, 0, 0, 1, -3.72531e-09, 0.0339932, -0.00833464)
constraints/10/bone_direction = Transform3D(1, -0.000584237, -1.68491e-06, 0.000584237, 0.999983, 0.00576785, -1.68491e-06, -0.00576785, 0.999983, 0, 0, 0)
constraints/11/bone_name = &"LeftLowerArm"
constraints/11/resistance = 0.4
constraints/11/twist_from = -0.959931
constraints/11/twist_range = 0.872665
constraints/11/twist_current = null
constraints/11/kusudama_limit_cone_count = 3
constraints/11/kusudama_limit_cone/0/center = Vector3(0, 0, 1)
constraints/11/kusudama_limit_cone/0/radius = 0.0436332
constraints/11/kusudama_limit_cone/1/center = Vector3(-1, 0, 0)
constraints/11/kusudama_limit_cone/1/radius = 0.0436332
constraints/11/kusudama_limit_cone/2/center = Vector3(0, 0, -1)
constraints/11/kusudama_limit_cone/2/radius = 0.0436332
constraints/11/kusudama_twist = Transform3D(1, 0, 0, 0, 1, 0, 0, 0, 1, 0, 0, 0)
constraints/11/kusudama_orientation = Transform3D(1, 0, 0, 0, 1, 0, 0, 0, 1, 0.00010341, 0.176997, 0.00102091)
constraints/11/bone_direction = Transform3D(0.999996, -0.00283633, 9.34478e-08, 0.00283633, 0.999996, -6.58933e-05, 9.34478e-08, 6.58933e-05, 1, 0, 0, 0)
constraints/12/bone_name = &"LeftHand"
constraints/12/resistance = 0.0
constraints/12/twist_from = 0.0
constraints/12/twist_range = 6.28319
constraints/12/twist_current = null
constraints/12/kusudama_limit_cone_count = 8
constraints/12/kusudama_limit_cone/0/center = Vector3(0, 0.707107, 0.707107)
constraints/12/kusudama_limit_cone/0/radius = 1.13446
constraints/12/kusudama_limit_cone/1/center = Vector3(0, 0, 1)
constraints/12/kusudama_limit_cone/1/radius = 0.0
constraints/12/kusudama_limit_cone/2/center = Vector3(0, -0.707107, 0.707107)
constraints/12/kusudama_limit_cone/2/radius = 1.22173
constraints/12/kusudama_limit_cone/3/center = Vector3(0, 0, 1)
constraints/12/kusudama_limit_cone/3/radius = 0.0
constraints/12/kusudama_limit_cone/4/center = Vector3(0.707107, 0, 0.707107)
constraints/12/kusudama_limit_cone/4/radius = 0.698132
constraints/12/kusudama_limit_cone/5/center = Vector3(0, 0, 1)
constraints/12/kusudama_limit_cone/5/radius = 0.0
constraints/12/kusudama_limit_cone/6/center = Vector3(-0.707107, 0, 0.707107)
constraints/12/kusudama_limit_cone/6/radius = 0.785398
constraints/12/kusudama_limit_cone/7/center = Vector3(0, 0, 1)
constraints/12/kusudama_limit_cone/7/radius = 0.0
constraints/12/kusudama_twist = Transform3D(1, 0, 0, 0, 1, 0, 0, 0, 1, 0, 0, 0)
constraints/12/kusudama_orientation = Transform3D(1, 0, 0, 0, 1, 0, 0, 0, 1, 0.000538945, 0.190014, -1.25207e-05)
constraints/12/bone_direction = Transform3D(0.331699, -0.499352, -0.80039, 0.499352, -0.626886, 0.598048, -0.80039, -0.598048, 0.0414145, 0, 0, 0)
constraints/13/bone_name = &"Neck"
constraints/13/resistance = 0.6
constraints/13/twist_from = 0.261799
constraints/13/twist_range = 0.261799
constraints/13/twist_current = null
constraints/13/kusudama_limit_cone_count = 1
constraints/13/kusudama_limit_cone/0/center = Vector3(0, 0, 1)
constraints/13/kusudama_limit_cone/0/radius = 0.174533
constraints/13/kusudama_twist = Transform3D(1, 0, 0, 0, 1, 0, 0, 0, 1, 0, 0, 0)
constraints/13/kusudama_orientation = Transform3D(1, 0, 0, 0, 1, 0, 0, 0, 1, -3.64671e-08, 0.0395337, -0.000972135)
constraints/13/bone_direction = Transform3D(1, -3.28422e-07, -3.90315e-08, 3.28422e-07, 0.972145, 0.234381, -3.90315e-08, -0.234381, 0.972145, 0, 0, 0)
constraints/14/bone_name = &"Head"
constraints/14/resistance = 0.7
constraints/14/twist_from = 0.261799
constraints/14/twist_range = 0.261799
constraints/14/twist_current = null
constraints/14/kusudama_limit_cone_count = 1
constraints/14/kusudama_limit_cone/0/center = Vector3(0, 0, 1)
constraints/14/kusudama_limit_cone/0/radius = 0.261799
constraints/14/kusudama_twist = Transform3D(1, 0, 0, 0, 1, 0, 0, 0, 1, 0, 0, 0)
constraints/14/kusudama_orientation = Transform3D(1, 0, 0, 0, 1, 0, 0, 0, 1, 1.90339e-08, 0.0563413, 0.0135837)
constraints/14/bone_direction = Transform3D(0.683528, -0.727398, 0.0606748, 0.727398, 0.671896, -0.139459, 0.0606748, 0.139459, 0.988367, 0, 0, 0)
constraints/15/bone_name = &"RightShoulder"
constraints/15/resistance = 0.0
constraints/15/twist_from = 0.0
constraints/15/twist_range = 6.28319
constraints/15/twist_current = null
constraints/15/kusudama_limit_cone_count = 0
constraints/15/kusudama_twist = Transform3D(1, 0, 0, 0, 1, 0, 0, 0, 1, 0, 0, 0)
constraints/15/kusudama_orientation = Transform3D(1, 0, 0, 0, 1, 0, 0, 0, 1, -0.045, 0.0170305, 5.58794e-09)
constraints/15/bone_direction = Transform3D(1, 3.29954e-06, -3.79138e-07, -3.29954e-06, 0.973937, -0.226818, -3.79138e-07, 0.226818, 0.973937, 0, 0, 0)
constraints/16/bone_name = &"RightUpperArm"
constraints/16/resistance = 0.3
constraints/16/twist_from = 1.39626
constraints/16/twist_range = 0.20944
constraints/16/twist_current = null
constraints/16/kusudama_limit_cone_count = 1
constraints/16/kusudama_limit_cone/0/center = Vector3(0, 0, 1)
constraints/16/kusudama_limit_cone/0/radius = 1.5708
constraints/16/kusudama_twist = Transform3D(1, 0, 0, 0, 1, 0, 0, 0, 1, 0, 0, 0)
constraints/16/kusudama_orientation = Transform3D(1, 0, 0, 0, 1, 0, 0, 0, 1, -1.15484e-07, 0.0340878, -0.00793862)
constraints/16/bone_direction = Transform3D(1, 0.000578158, 1.6738e-06, -0.000578158, 0.999983, 0.00579006, 1.6738e-06, -0.00579006, 0.999983, 0, 0, 0)
constraints/17/bone_name = &"RightLowerArm"
constraints/17/resistance = 0.4
constraints/17/twist_from = -2.53073
constraints/17/twist_range = 0.872665
constraints/17/twist_current = null
constraints/17/kusudama_limit_cone_count = 3
constraints/17/kusudama_limit_cone/0/center = Vector3(0, 0, 1)
constraints/17/kusudama_limit_cone/0/radius = 0.0436332
constraints/17/kusudama_limit_cone/1/center = Vector3(0, 0, 1)
constraints/17/kusudama_limit_cone/1/radius = 0.0436332
constraints/17/kusudama_limit_cone/2/center = Vector3(0, 0, -1)
constraints/17/kusudama_limit_cone/2/radius = 0.0436332
constraints/17/kusudama_twist = Transform3D(1, 0, 0, 0, 1, 0, 0, 0, 1, 0, 0, 0)
constraints/17/kusudama_orientation = Transform3D(1, 0, 0, 0, 1, 0, 0, 0, 1, -0.000102334, 0.176997, 0.00102484)
constraints/17/bone_direction = Transform3D(0.999996, 0.00283321, -8.32637e-08, -0.00283321, 0.999996, -5.87768e-05, -8.32637e-08, 5.87768e-05, 1, 0, 0, 0)
constraints/18/bone_name = &"RightHand"
constraints/18/resistance = 0.0
constraints/18/twist_from = 0.0
constraints/18/twist_range = 6.28319
constraints/18/twist_current = null
constraints/18/kusudama_limit_cone_count = 8
constraints/18/kusudama_limit_cone/0/center = Vector3(0, 0.707107, 0.707107)
constraints/18/kusudama_limit_cone/0/radius = 1.13446
constraints/18/kusudama_limit_cone/1/center = Vector3(0, 0, 1)
constraints/18/kusudama_limit_cone/1/radius = 0.0
constraints/18/kusudama_limit_cone/2/center = Vector3(0, -0.707107, 0.707107)
constraints/18/kusudama_limit_cone/2/radius = 1.22173
constraints/18/kusudama_limit_cone/3/center = Vector3(0, 0, 1)
constraints/18/kusudama_limit_cone/3/radius = 0.0
constraints/18/kusudama_limit_cone/4/center = Vector3(0.707107, 0, 0.707107)
constraints/18/kusudama_limit_cone/4/radius = 0.698132
constraints/18/kusudama_limit_cone/5/center = Vector3(0, 0, 1)
constraints/18/kusudama_limit_cone/5/radius = 0.0
constraints/18/kusudama_limit_cone/6/center = Vector3(-0.707107, 0, 0.707107)
constraints/18/kusudama_limit_cone/6/radius = 0.785398
constraints/18/kusudama_limit_cone/7/center = Vector3(0, 0, 1)
constraints/18/kusudama_limit_cone/7/radius = 0.0
constraints/18/kusudama_twist = Transform3D(1, 0, 0, 0, 1, 0, 0, 0, 1, 0, 0, 0)
constraints/18/kusudama_orientation = Transform3D(1, 0, 0, 0, 1, 0, 0, 0, 1, -0.000538349, 0.190013, -1.11684e-05)
constraints/18/bone_direction = Transform3D(0.837169, -0.370534, 0.402309, 0.370534, -0.156824, -0.915484, 0.402309, 0.915484, 0.00600739, 0, 0, 0)
constraints/19/bone_name = &"Root"
constraints/19/resistance = 0.0
constraints/19/twist_from = 0.0
constraints/19/twist_range = 6.28319
constraints/19/twist_current = null
constraints/19/kusudama_limit_cone_count = 1
constraints/19/kusudama_limit_cone/0/center = Vector3(0, 0, 1)
constraints/19/kusudama_limit_cone/0/radius = 0.0523599
constraints/19/kusudama_twist = Transform3D(1, 0, 0, 0, 1, 0, 0, 0, 1, 0, 0, 0)
constraints/19/kusudama_orientation = Transform3D(1, 0, 0, 0, 1, 0, 0, 0, 1, 0, 0, 0)
constraints/19/bone_direction = Transform3D(1, 0.000387991, -1.92439e-07, -0.000387991, 0.999999, -0.000991979, -1.92439e-07, 0.000991979, 1, 0, 0, 0)
pin_count = 15
pins/0/bone_name = "Root"
pins/0/target_node = NodePath("Root2")
pins/0/passthrough_factor = 0.0
pins/0/weight = 1.0
pins/0/direction_priorities = Vector3(0.2, 0, 0.2)
pins/1/bone_name = "Hips"
pins/1/target_node = NodePath("Hips2")
pins/1/passthrough_factor = 0.0
pins/1/weight = 1.0
pins/1/direction_priorities = Vector3(0.2, 0, 0.2)
pins/2/bone_name = "Spine"
pins/2/target_node = NodePath("Spine2")
pins/2/passthrough_factor = 1.0
pins/2/weight = 1.0
pins/2/direction_priorities = Vector3(0.2, 0, 0.2)
pins/3/bone_name = "LeftUpperArm"
