[gd_scene load_steps=9 format=3 uid="uid://bf6ifpyxcso0f"]

[ext_resource type="Script" path="res://ik_distance.gd" id="1_qlrk8"]
[ext_resource type="PackedScene" uid="uid://b3kch1ese3obj" path="res://VVVV/vvvv_200502.tscn" id="2_pkdln"]
[ext_resource type="PackedScene" uid="uid://bt85fkku7hijs" path="res://vrm_01/vrm_1_vsekai_godot_engine_humanoid_08.tscn" id="3_jngiq"]
[ext_resource type="AnimationLibrary" uid="uid://cpaw35bnjcmf4" path="res://ANIM_dance.res" id="4_lih0x"]

[sub_resource type="ProceduralSkyMaterial" id="ProceduralSkyMaterial_ktm35"]
sky_horizon_color = Color(0.64625, 0.65575, 0.67075, 1)
ground_horizon_color = Color(0.64625, 0.65575, 0.67075, 1)

[sub_resource type="Sky" id="Sky_5474b"]
sky_material = SubResource("ProceduralSkyMaterial_ktm35")

[sub_resource type="Environment" id="Environment_fv2wy"]
background_mode = 2
sky = SubResource("Sky_5474b")
tonemap_mode = 2
glow_enabled = true

[sub_resource type="StandardMaterial3D" id="StandardMaterial3D_el5ym"]
blend_mode = 1
no_depth_test = true

[node name="Node3D" type="Node3D"]
script = ExtResource("1_qlrk8")

[node name="WorldEnvironment" type="WorldEnvironment" parent="."]
environment = SubResource("Environment_fv2wy")

[node name="DirectionalLight3D" type="DirectionalLight3D" parent="."]
transform = Transform3D(-0.866023, -0.433016, 0.250001, 0, 0.499998, 0.866027, -0.500003, 0.749999, -0.43301, 0, 0, 0)
shadow_enabled = true

[node name="VVVV_200502" parent="." instance=ExtResource("2_pkdln")]

[node name="GeneralSkeleton" parent="VVVV_200502/Armature" index="0"]
bones/0/position = Vector3(0.138925, 0.427685, -0.105342)
bones/0/rotation = Quaternion(0.174959, 0.368794, -0.137917, 0.902419)
bones/0/scale = Vector3(1, 1, 1)
bones/21/position = Vector3(0.0731263, -0.0284874, -0.00101876)
bones/21/rotation = Quaternion(0.142177, 0.811157, 0.305755, -0.477832)
bones/21/scale = Vector3(1, 1, 1)
bones/22/position = Vector3(0.00965147, 0.278987, 0.0076475)
bones/22/rotation = Quaternion(-0.219381, -0.551745, 0.79518, -0.123037)
bones/22/scale = Vector3(1, 1, 1)
bones/23/position = Vector3(-0.00889025, 0.337273, 0.000891945)
bones/23/rotation = Quaternion(-0.208242, 0.897973, -0.373352, -0.104347)
bones/23/scale = Vector3(1, 1, 1)
bones/24/position = Vector3(0.00493297, 0.00373887, -0.10383)
bones/24/rotation = Quaternion(-0.111859, 0.883989, 0.44791, 0.0736712)
bones/24/scale = Vector3(1, 1, 1)
bones/33/position = Vector3(-0.07313, -0.028487, -0.00102139)
bones/33/rotation = Quaternion(0.175433, 0.476812, 0.812291, -0.286456)
bones/33/scale = Vector3(1, 1, 1)
bones/34/position = Vector3(-0.00965254, 0.27899, 0.00764826)
bones/34/rotation = Quaternion(-0.348941, -0.428767, 0.77551, -0.304931)
bones/34/scale = Vector3(1, 1, 1)
bones/35/position = Vector3(0.00889197, 0.337273, 0.000894903)
bones/35/rotation = Quaternion(0.264321, 0.882463, -0.368144, 0.125949)
bones/35/scale = Vector3(1, 1, 1)
bones/36/position = Vector3(-0.00493375, 0.00373563, -0.103827)
bones/36/rotation = Quaternion(0.145683, 0.936555, 0.293827, -0.123724)
bones/36/scale = Vector3(1, 1, 1)
bones/40/position = Vector3(1.03028e-08, 0.112506, 0.0258579)
bones/40/rotation = Quaternion(-0.0933779, -0.000453469, -0.0255397, 0.995303)
bones/40/scale = Vector3(1, 1, 1)
bones/41/position = Vector3(-9.1386e-09, 0.161971, -0.0285273)
bones/41/rotation = Quaternion(-0.0160802, -0.00200831, -0.0244175, 0.99957)
bones/41/scale = Vector3(1, 1, 1)
bones/56/position = Vector3(0.045, 0.0170323, 9.31323e-09)
bones/56/rotation = Quaternion(-0.277322, -0.1752, -0.506462, 0.79743)
bones/57/position = Vector3(-3.72529e-09, 0.0339932, -0.00833464)
bones/57/rotation = Quaternion(0.170901, 0.729679, -0.641203, 0.164988)
bones/57/scale = Vector3(1, 1, 1)
bones/58/position = Vector3(0.00010341, 0.176997, 0.00102091)
bones/58/rotation = Quaternion(0.452081, -0.505984, 0.511436, 0.527291)
bones/58/scale = Vector3(1, 1, 1)
bones/59/position = Vector3(0.000538945, 0.190014, -1.25207e-05)
bones/59/rotation = Quaternion(0.336925, 0.66043, 0.137049, 0.65691)
bones/59/scale = Vector3(1, 1, 1)
bones/85/position = Vector3(-3.64671e-08, 0.0395337, -0.000972135)
bones/85/rotation = Quaternion(0.0846378, 0.0593096, -0.0870199, 0.990831)
bones/85/scale = Vector3(1, 1, 1)
bones/86/position = Vector3(1.90339e-08, 0.0563413, 0.0135837)
bones/86/rotation = Quaternion(-0.105548, -0.0600532, 0.0567299, 0.990977)
bones/86/scale = Vector3(1, 1, 1)
bones/165/position = Vector3(-0.0450001, 0.0170305, 5.58794e-09)
bones/165/rotation = Quaternion(0.328506, 0.0845901, -0.73205, 0.590789)
bones/165/scale = Vector3(1, 1, 1)
bones/166/position = Vector3(-1.15484e-07, 0.0340878, -0.00793862)
bones/166/rotation = Quaternion(0.238439, 0.92485, 0.194456, 0.223575)
bones/166/scale = Vector3(1, 1, 1)
bones/167/position = Vector3(-0.000102334, 0.176997, 0.00102484)
bones/167/rotation = Quaternion(0.011699, 0.324619, -0.0173259, 0.945614)
bones/167/scale = Vector3(1, 1, 1)
bones/168/position = Vector3(-0.000538349, 0.190013, -1.11684e-05)
bones/168/rotation = Quaternion(-0.191867, -0.39923, -0.511641, 0.736224)
bones/168/scale = Vector3(1, 1, 1)
bones/201/position = Vector3(-0.302061, -0.0802276, 0.0386715)
bones/201/rotation = Quaternion(0.0138645, -0.157423, -0.0540231, 0.985955)
bones/201/scale = Vector3(1, 1, 1)

[node name="ManyBoneIK3D" type="ManyBoneIK3D" parent="VVVV_200502/Armature/GeneralSkeleton" index="3"]
process_priority = 1
process_thread_group = 2
process_thread_group_order = 100
process_thread_messages = 0
constraint_count = 20
constraints/0/bone_name = &"Hips"
constraints/0/resistance = 0.0
constraints/0/twist_from = 0.0
constraints/0/twist_range = 0.0872665
constraints/0/twist_current = null
constraints/0/kusudama_limit_cone_count = 1
constraints/0/kusudama_limit_cone/0/center = Vector3(0, 0, 1)
constraints/0/kusudama_limit_cone/0/radius = 0.0523599
constraints/0/kusudama_twist = Transform3D(1, 0, 0, 0, 1, 0, 0, 0, 1, 0, 0, 0)
constraints/0/kusudama_orientation = Transform3D(1, 0, 0, 0, 1, 0, 0, 0, 1, 0.138925, 0.427685, -0.105342)
constraints/0/bone_direction = Transform3D(1, 6.13941e-05, 1.26105e-05, -6.13941e-05, 0.919035, 0.394176, 1.26105e-05, -0.394176, 0.919035, 0, 0, 0)
constraints/1/bone_name = &"LeftUpperLeg"
constraints/1/resistance = 0.8
constraints/1/twist_from = 5.23599
constraints/1/twist_range = 0.174533
constraints/1/twist_current = null
constraints/1/kusudama_limit_cone_count = 0
constraints/1/kusudama_twist = Transform3D(1, 0, 0, 0, 1, 0, 0, 0, 1, 0, 0, 0)
constraints/1/kusudama_orientation = Transform3D(1, 0, 0, 0, 1, 0, 0, 0, 1, 0.0731263, -0.0284874, -0.00101876)
constraints/1/bone_direction = Transform3D(0.999402, -0.0345611, -0.000473458, 0.0345611, 0.999027, 0.027385, -0.000473458, -0.027385, 0.999625, 0, 0, 0)
constraints/2/bone_name = &"LeftLowerLeg"
constraints/2/resistance = 0.0
constraints/2/twist_from = 0.0
constraints/2/twist_range = 6.28319
constraints/2/twist_current = null
constraints/2/kusudama_limit_cone_count = 0
constraints/2/kusudama_twist = Transform3D(1, 0, 0, 0, 1, 0, 0, 0, 1, 0, 0, 0)
constraints/2/kusudama_orientation = Transform3D(1, 0, 0, 0, 1, 0, 0, 0, 1, 0.00965147, 0.278987, 0.0076475)
constraints/2/bone_direction = Transform3D(0.999653, 0.02635, 3.48362e-05, -0.02635, 0.999649, 0.00264365, 3.48362e-05, -0.00264365, 0.999997, 0, 0, 0)
constraints/3/bone_name = &"LeftFoot"
constraints/3/resistance = 0.0
constraints/3/twist_from = 0.0
constraints/3/twist_range = 6.28319
constraints/3/twist_current = null
constraints/3/kusudama_limit_cone_count = 4
constraints/3/kusudama_limit_cone/0/center = Vector3(0, -0.707107, 0.707107)
constraints/3/kusudama_limit_cone/0/radius = 0.0436332
constraints/3/kusudama_limit_cone/1/center = Vector3(0, 0, -1)
constraints/3/kusudama_limit_cone/1/radius = 0.0
constraints/3/kusudama_limit_cone/2/center = Vector3(0, 0.707107, -0.707107)
constraints/3/kusudama_limit_cone/2/radius = 0.0436332
constraints/3/kusudama_limit_cone/3/center = Vector3(0, 0, -1)
constraints/3/kusudama_limit_cone/3/radius = 0.0
constraints/3/kusudama_twist = Transform3D(1, 0, 0, 0, 1, 0, 0, 0, 1, 0, 0, 0)
constraints/3/kusudama_orientation = Transform3D(1, 0, 0, 0, 1, 0, 0, 0, 1, -0.00889025, 0.337273, 0.000891945)
constraints/3/bone_direction = Transform3D(0.997829, -0.0474258, 0.045699, 0.0474258, 0.0359456, -0.998228, 0.045699, 0.998228, 0.0381167, 0, 0, 0)
constraints/4/bone_name = &"RightUpperLeg"
constraints/4/resistance = 0.8
constraints/4/twist_from = 5.23599
constraints/4/twist_range = 0.174533
constraints/4/twist_current = null
constraints/4/kusudama_limit_cone_count = 0
constraints/4/kusudama_twist = Transform3D(1, 0, 0, 0, 1, 0, 0, 0, 1, 0, 0, 0)
constraints/4/kusudama_orientation = Transform3D(1, 0, 0, 0, 1, 0, 0, 0, 1, -0.07313, -0.028487, -0.00102139)
constraints/4/bone_direction = Transform3D(0.999402, 0.0345645, 0.000473548, -0.0345645, 0.999027, 0.0273875, 0.000473548, -0.0273875, 0.999625, 0, 0, 0)
constraints/5/bone_name = &"RightLowerLeg"
constraints/5/resistance = 0.0
constraints/5/twist_from = 0.0
constraints/5/twist_range = 6.28319
constraints/5/twist_current = null
constraints/5/kusudama_limit_cone_count = 0
constraints/5/kusudama_twist = Transform3D(1, 0, 0, 0, 1, 0, 0, 0, 1, 0, 0, 0)
constraints/5/kusudama_orientation = Transform3D(1, 0, 0, 0, 1, 0, 0, 0, 1, -0.00965254, 0.27899, 0.00764826)
constraints/5/bone_direction = Transform3D(0.999653, -0.0263551, -3.49586e-05, 0.0263551, 0.999649, 0.00265242, -3.49586e-05, -0.00265242, 0.999996, 0, 0, 0)
constraints/6/bone_name = &"RightFoot"
constraints/6/resistance = 0.0
constraints/6/twist_from = 0.0
constraints/6/twist_range = 6.28319
constraints/6/twist_current = null
constraints/6/kusudama_limit_cone_count = 4
constraints/6/kusudama_limit_cone/0/center = Vector3(0, -0.707107, 0.707107)
constraints/6/kusudama_limit_cone/0/radius = 0.0436332
constraints/6/kusudama_limit_cone/1/center = Vector3(0, 0, -1)
constraints/6/kusudama_limit_cone/1/radius = 0.0
constraints/6/kusudama_limit_cone/2/center = Vector3(0, 0.707107, -0.707107)
constraints/6/kusudama_limit_cone/2/radius = 0.0436332
constraints/6/kusudama_limit_cone/3/center = Vector3(0, 0, -1)
constraints/6/kusudama_limit_cone/3/radius = 0.0
constraints/6/kusudama_twist = Transform3D(1, 0, 0, 0, 1, 0, 0, 0, 1, 0, 0, 0)
constraints/6/kusudama_orientation = Transform3D(1, 0, 0, 0, 1, 0, 0, 0, 1, 0.00889197, 0.337273, 0.000894903)
constraints/6/bone_direction = Transform3D(0.997828, 0.0474349, -0.0457092, -0.0474349, 0.0359157, -0.998228, -0.0457092, 0.998228, 0.0380878, 0, 0, 0)
constraints/7/bone_name = &"Spine"
constraints/7/resistance = 0.5
constraints/7/twist_from = 0.0698132
constraints/7/twist_range = 0.174533
constraints/7/twist_current = null
constraints/7/kusudama_limit_cone_count = 1
constraints/7/kusudama_limit_cone/0/center = Vector3(0, 0, 1)
constraints/7/kusudama_limit_cone/0/radius = 0.0523599
constraints/7/kusudama_twist = Transform3D(1, 0, 0, 0, 1, 0, 0, 0, 1, 0, 0, 0)
constraints/7/kusudama_orientation = Transform3D(1, 0, 0, 0, 1, 0, 0, 0, 1, 1.03028e-08, 0.112506, 0.0258579)
constraints/7/bone_direction = Transform3D(1, 5.5566e-08, -4.85593e-09, -5.5566e-08, 0.984842, -0.173456, -4.85593e-09, 0.173456, 0.984842, 0, 0, 0)
constraints/8/bone_name = &"Chest"
constraints/8/resistance = 0.5
constraints/8/twist_from = 0.0872665
constraints/8/twist_range = -0.174533
constraints/8/twist_current = null
constraints/8/kusudama_limit_cone_count = 1
constraints/8/kusudama_limit_cone/0/center = Vector3(0, 0, 1)
constraints/8/kusudama_limit_cone/0/radius = 0.0523599
constraints/8/kusudama_twist = Transform3D(1, 0, 0, 0, 1, 0, 0, 0, 1, 0, 0, 0)
constraints/8/kusudama_orientation = Transform3D(1, 0, 0, 0, 1, 0, 0, 0, 1, -9.1386e-09, 0.161971, -0.0285273)
constraints/8/bone_direction = Transform3D(1, 1.03891e-06, -6.8611e-09, -1.03891e-06, 0.999913, -0.0132076, -6.8611e-09, 0.0132076, 0.999913, 0, 0, 0)
constraints/9/bone_name = &"LeftShoulder"
constraints/9/resistance = 0.0
constraints/9/twist_from = 0.0
constraints/9/twist_range = 6.28319
constraints/9/twist_current = null
constraints/9/kusudama_limit_cone_count = 0
constraints/9/kusudama_twist = Transform3D(1, 0, 0, 0, 1, 0, 0, 0, 1, 0, 0, 0)
constraints/9/kusudama_orientation = Transform3D(1, 0, 0, 0, 1, 0, 0, 0, 1, 0.045, 0.0170323, 9.31323e-09)
constraints/9/bone_direction = Transform3D(1, 1.06437e-07, -1.28579e-08, -1.06437e-07, 0.971233, -0.238132, -1.28579e-08, 0.238132, 0.971233, 0, 0, 0)
constraints/10/bone_name = &"LeftUpperArm"
constraints/10/resistance = 0.3
constraints/10/twist_from = 1.39626
constraints/10/twist_range = 0.20944
constraints/10/twist_current = null
constraints/10/kusudama_limit_cone_count = 1
constraints/10/kusudama_limit_cone/0/center = Vector3(0, 0, 1)
constraints/10/kusudama_limit_cone/0/radius = 1.5708
constraints/10/kusudama_twist = Transform3D(1, 0, 0, 0, 1, 0, 0, 0, 1, 0, 0, 0)
constraints/10/kusudama_orientation = Transform3D(1, 0, 0, 0, 1, 0, 0, 0, 1, -3.72529e-09, 0.0339932, -0.00833464)
constraints/10/bone_direction = Transform3D(1, -0.000584239, -1.68491e-06, 0.000584239, 0.999983, 0.00576784, -1.68491e-06, -0.00576784, 0.999983, 0, 0, 0)
constraints/11/bone_name = &"LeftLowerArm"
constraints/11/resistance = 0.4
constraints/11/twist_from = -0.959931
constraints/11/twist_range = 0.872665
constraints/11/twist_current = null
constraints/11/kusudama_limit_cone_count = 3
constraints/11/kusudama_limit_cone/0/center = Vector3(0, 0, 1)
constraints/11/kusudama_limit_cone/0/radius = 0.0436332
constraints/11/kusudama_limit_cone/1/center = Vector3(-1, 0, 0)
constraints/11/kusudama_limit_cone/1/radius = 0.0436332
constraints/11/kusudama_limit_cone/2/center = Vector3(0, 0, -1)
constraints/11/kusudama_limit_cone/2/radius = 0.0436332
constraints/11/kusudama_twist = Transform3D(1, 0, 0, 0, 1, 0, 0, 0, 1, 0, 0, 0)
constraints/11/kusudama_orientation = Transform3D(1, 0, 0, 0, 1, 0, 0, 0, 1, 0.00010341, 0.176997, 0.00102091)
constraints/11/bone_direction = Transform3D(0.999996, -0.00283633, 9.34479e-08, 0.00283633, 0.999996, -6.58933e-05, 9.34479e-08, 6.58933e-05, 1, 0, 0, 0)
constraints/12/bone_name = &"LeftHand"
constraints/12/resistance = 0.0
constraints/12/twist_from = 0.0
constraints/12/twist_range = 6.28319
constraints/12/twist_current = null
constraints/12/kusudama_limit_cone_count = 8
constraints/12/kusudama_limit_cone/0/center = Vector3(0, 0.707107, 0.707107)
constraints/12/kusudama_limit_cone/0/radius = 1.13446
constraints/12/kusudama_limit_cone/1/center = Vector3(0, 0, 1)
constraints/12/kusudama_limit_cone/1/radius = 0.0
constraints/12/kusudama_limit_cone/2/center = Vector3(0, -0.707107, 0.707107)
constraints/12/kusudama_limit_cone/2/radius = 1.22173
constraints/12/kusudama_limit_cone/3/center = Vector3(0, 0, 1)
constraints/12/kusudama_limit_cone/3/radius = 0.0
constraints/12/kusudama_limit_cone/4/center = Vector3(0.707107, 0, 0.707107)
constraints/12/kusudama_limit_cone/4/radius = 0.698132
constraints/12/kusudama_limit_cone/5/center = Vector3(0, 0, 1)
constraints/12/kusudama_limit_cone/5/radius = 0.0
constraints/12/kusudama_limit_cone/6/center = Vector3(-0.707107, 0, 0.707107)
constraints/12/kusudama_limit_cone/6/radius = 0.785398
constraints/12/kusudama_limit_cone/7/center = Vector3(0, 0, 1)
constraints/12/kusudama_limit_cone/7/radius = 0.0
constraints/12/kusudama_twist = Transform3D(1, 0, 0, 0, 1, 0, 0, 0, 1, 0, 0, 0)
constraints/12/kusudama_orientation = Transform3D(1, 0, 0, 0, 1, 0, 0, 0, 1, 0.000538945, 0.190014, -1.25207e-05)
constraints/12/bone_direction = Transform3D(0.966166, 0.19404, 0.169917, -0.19404, 0.11283, 0.974483, 0.169917, -0.974483, 0.146664, 0, 0, 0)
constraints/13/bone_name = &"Neck"
constraints/13/resistance = 0.6
constraints/13/twist_from = 0.261799
constraints/13/twist_range = 0.261799
constraints/13/twist_current = null
constraints/13/kusudama_limit_cone_count = 1
constraints/13/kusudama_limit_cone/0/center = Vector3(0, 0, 1)
constraints/13/kusudama_limit_cone/0/radius = 0.174533
constraints/13/kusudama_twist = Transform3D(1, 0, 0, 0, 1, 0, 0, 0, 1, 0, 0, 0)
constraints/13/kusudama_orientation = Transform3D(1, 0, 0, 0, 1, 0, 0, 0, 1, -3.64671e-08, 0.0395337, -0.000972135)
constraints/13/bone_direction = Transform3D(1, -3.28422e-07, -3.90315e-08, 3.28422e-07, 0.972145, 0.23438, -3.90315e-08, -0.23438, 0.972145, 0, 0, 0)
constraints/14/bone_name = &"Head"
constraints/14/resistance = 0.7
constraints/14/twist_from = 0.261799
constraints/14/twist_range = 0.261799
constraints/14/twist_current = null
constraints/14/kusudama_limit_cone_count = 1
constraints/14/kusudama_limit_cone/0/center = Vector3(0, 0, 1)
constraints/14/kusudama_limit_cone/0/radius = 0.261799
constraints/14/kusudama_twist = Transform3D(1, 0, 0, 0, 1, 0, 0, 0, 1, 0, 0, 0)
constraints/14/kusudama_orientation = Transform3D(1, 0, 0, 0, 1, 0, 0, 0, 1, 1.90339e-08, 0.0563413, 0.0135837)
constraints/14/bone_direction = Transform3D(0.998763, 0.0497047, 0.0012618, -0.0497047, 0.997476, 0.0507079, 0.0012618, -0.0507079, 0.998713, 0, 0, 0)
constraints/15/bone_name = &"RightShoulder"
constraints/15/resistance = 0.0
constraints/15/twist_from = 0.0
constraints/15/twist_range = 6.28319
constraints/15/twist_current = null
constraints/15/kusudama_limit_cone_count = 0
constraints/15/kusudama_twist = Transform3D(1, 0, 0, 0, 1, 0, 0, 0, 1, 0, 0, 0)
constraints/15/kusudama_orientation = Transform3D(1, 0, 0, 0, 1, 0, 0, 0, 1, -0.0450001, 0.0170305, 5.58794e-09)
constraints/15/bone_direction = Transform3D(1, 3.29954e-06, -3.79138e-07, -3.29954e-06, 0.973937, -0.226818, -3.79138e-07, 0.226818, 0.973937, 0, 0, 0)
constraints/16/bone_name = &"RightUpperArm"
constraints/16/resistance = 0.3
constraints/16/twist_from = 1.39626
constraints/16/twist_range = 0.20944
constraints/16/twist_current = null
constraints/16/kusudama_limit_cone_count = 1
constraints/16/kusudama_limit_cone/0/center = Vector3(0, 0, 1)
constraints/16/kusudama_limit_cone/0/radius = 1.5708
constraints/16/kusudama_twist = Transform3D(1, 0, 0, 0, 1, 0, 0, 0, 1, 0, 0, 0)
constraints/16/kusudama_orientation = Transform3D(1, 0, 0, 0, 1, 0, 0, 0, 1, -1.15484e-07, 0.0340878, -0.00793862)
constraints/16/bone_direction = Transform3D(1, 0.000578156, 1.6738e-06, -0.000578156, 0.999983, 0.00579007, 1.6738e-06, -0.00579007, 0.999983, 0, 0, 0)
constraints/17/bone_name = &"RightLowerArm"
constraints/17/resistance = 0.4
constraints/17/twist_from = -2.53073
constraints/17/twist_range = 0.872665
constraints/17/twist_current = null
constraints/17/kusudama_limit_cone_count = 3
constraints/17/kusudama_limit_cone/0/center = Vector3(0, 0, 1)
constraints/17/kusudama_limit_cone/0/radius = 0.0436332
constraints/17/kusudama_limit_cone/1/center = Vector3(0, 0, 1)
constraints/17/kusudama_limit_cone/1/radius = 0.0436332
constraints/17/kusudama_limit_cone/2/center = Vector3(0, 0, -1)
constraints/17/kusudama_limit_cone/2/radius = 0.0436332
constraints/17/kusudama_twist = Transform3D(1, 0, 0, 0, 1, 0, 0, 0, 1, 0, 0, 0)
constraints/17/kusudama_orientation = Transform3D(1, 0, 0, 0, 1, 0, 0, 0, 1, -0.000102334, 0.176997, 0.00102484)
constraints/17/bone_direction = Transform3D(0.999996, 0.00283321, -8.32636e-08, -0.00283321, 0.999996, -5.87768e-05, -8.32636e-08, 5.87768e-05, 1, 0, 0, 0)
constraints/18/bone_name = &"RightHand"
constraints/18/resistance = 0.0
constraints/18/twist_from = 0.0
constraints/18/twist_range = 6.28319
constraints/18/twist_current = null
constraints/18/kusudama_limit_cone_count = 8
constraints/18/kusudama_limit_cone/0/center = Vector3(0, 0.707107, 0.707107)
constraints/18/kusudama_limit_cone/0/radius = 1.13446
constraints/18/kusudama_limit_cone/1/center = Vector3(0, 0, 1)
constraints/18/kusudama_limit_cone/1/radius = 0.0
constraints/18/kusudama_limit_cone/2/center = Vector3(0, -0.707107, 0.707107)
constraints/18/kusudama_limit_cone/2/radius = 1.22173
constraints/18/kusudama_limit_cone/3/center = Vector3(0, 0, 1)
constraints/18/kusudama_limit_cone/3/radius = 0.0
constraints/18/kusudama_limit_cone/4/center = Vector3(0.707107, 0, 0.707107)
constraints/18/kusudama_limit_cone/4/radius = 0.698132
constraints/18/kusudama_limit_cone/5/center = Vector3(0, 0, 1)
constraints/18/kusudama_limit_cone/5/radius = 0.0
constraints/18/kusudama_limit_cone/6/center = Vector3(-0.707107, 0, 0.707107)
constraints/18/kusudama_limit_cone/6/radius = 0.785398
constraints/18/kusudama_limit_cone/7/center = Vector3(0, 0, 1)
constraints/18/kusudama_limit_cone/7/radius = 0.0
constraints/18/kusudama_twist = Transform3D(1, 0, 0, 0, 1, 0, 0, 0, 1, 0, 0, 0)
constraints/18/kusudama_orientation = Transform3D(1, 0, 0, 0, 1, 0, 0, 0, 1, -0.000538349, 0.190013, -1.11684e-05)
constraints/18/bone_direction = Transform3D(0.922752, -0.375366, 0.0873418, 0.375366, 0.823997, -0.424416, 0.0873418, 0.424416, 0.901245, 0, 0, 0)
constraints/19/bone_name = &"Root"
constraints/19/resistance = 0.0
constraints/19/twist_from = 0.0
constraints/19/twist_range = 0.0872665
constraints/19/twist_current = null
constraints/19/kusudama_limit_cone_count = 1
constraints/19/kusudama_limit_cone/0/center = Vector3(0, 0, 1)
constraints/19/kusudama_limit_cone/0/radius = 0.0523599
constraints/19/kusudama_twist = Transform3D(1, 0, 0, 0, 1, 0, 0, 0, 1, 0, 0, 0)
constraints/19/kusudama_orientation = Transform3D(1, 0, 0, 0, 1, 0, 0, 0, 1, -1.2972, -2.21092, 0.152671)
constraints/19/bone_direction = Transform3D(0.372719, -0.913468, 0.163268, 0.913468, 0.330224, -0.237756, 0.163268, 0.237756, 0.957505, 0, 0, 0)
pin_count = 14
pins/0/bone_name = "Hips"
pins/0/target_node = NodePath("Hips2")
pins/0/passthrough_factor = 0.0
pins/0/weight = 1.0
pins/0/direction_priorities = Vector3(0.2, 0, 0.2)
pins/1/bone_name = "Spine"
pins/1/target_node = NodePath("Spine2")
pins/1/passthrough_factor = 1.0
pins/1/weight = 1.0
pins/1/direction_priorities = Vector3(0.2, 0, 0.2)
pins/2/bone_name = "LeftUpperArm"
pins/2/target_node = NodePath("LeftUpperArm2")
pins/2/passthrough_factor = 1.0
pins/2/weight = 1.0
pins/2/direction_priorities = Vector3(0.2, 0, 0.2)
pins/3/bone_name = "LeftHand"
pins/3/target_node = NodePath("LeftHand2")
pins/3/passthrough_factor = 1.0
pins/3/weight = 1.0
pins/3/direction_priorities = Vector3(0.2, 0, 0.2)
pins/4/bone_name = "RightUpperArm"
pins/4/target_node = NodePath("RightUpperArm2")
pins/4/passthrough_factor = 1.0
pins/4/weight = 1.0
pins/4/direction_priorities = Vector3(0.2, 0, 0.2)
pins/5/bone_name = "RightHand"
pins/5/target_node = NodePath("RightHand2")
pins/5/passthrough_factor = 1.0
pins/5/weight = 1.0
pins/5/direction_priorities = Vector3(0.2, 0, 0.2)
pins/6/bone_name = "LeftLowerLeg"
pins/6/target_node = NodePath("LeftLowerLeg2")
pins/6/passthrough_factor = 1.0
pins/6/weight = 1.0
pins/6/direction_priorities = Vector3(0.2, 0, 0.2)
pins/7/bone_name = "RightLowerLeg"
pins/7/target_node = NodePath("RightLowerLeg2")
pins/7/passthrough_factor = 1.0
pins/7/weight = 1.0
pins/7/direction_priorities = Vector3(0.2, 0, 0.2)
pins/8/bone_name = "LeftFoot"
pins/8/target_node = NodePath("LeftFoot2")
pins/8/passthrough_factor = 1.0
pins/8/weight = 1.0
pins/8/direction_priorities = Vector3(0.2, 0, 0.2)
pins/9/bone_name = "RightFoot"
pins/9/target_node = NodePath("RightFoot2")
pins/9/passthrough_factor = 1.0
pins/9/weight = 1.0
pins/9/direction_priorities = Vector3(0.2, 0, 0.2)
pins/10/bone_name = "LeftToes"
pins/10/target_node = NodePath("LeftToes2")
pins/10/passthrough_factor = 1.0
pins/10/weight = 1.0
pins/10/direction_priorities = Vector3(0.2, 0, 0.2)
pins/11/bone_name = "RightToes"
pins/11/target_node = NodePath("RightToes2")
pins/11/passthrough_factor = 1.0
pins/11/weight = 1.0
pins/11/direction_priorities = Vector3(0.2, 0, 0.2)
pins/12/bone_name = "Head"
pins/12/target_node = NodePath("Head2")
pins/12/passthrough_factor = 1.0
pins/12/weight = 1.0
pins/12/direction_priorities = Vector3(0.2, 0, 0.2)
pins/13/bone_name = "Neck"
pins/13/target_node = NodePath("Neck2")
pins/13/passthrough_factor = 1.0
pins/13/weight = 1.0
pins/13/direction_priorities = Vector3(0.2, 0, 0.2)

[node name="Hips2" type="BoneAttachment3D" parent="VVVV_200502/Armature/GeneralSkeleton/ManyBoneIK3D"]
transform = Transform3D(0.674087, 0.227904, 0.702614, -0.0204037, 0.956593, -0.290711, -0.73837, 0.181629, 0.649477, -0.0942799, 0.330478, 0.000475798)
bone_name = "Hips"
bone_idx = 1
use_external_skeleton = true
external_skeleton = NodePath("../../../../../vrm_1_vsekai_godot_engine_humanoid_08/Root/Skeleton3D")

[node name="Spine2" type="BoneAttachment3D" parent="VVVV_200502/Armature/GeneralSkeleton/ManyBoneIK3D"]
transform = Transform3D(0.473184, 0.604821, 0.640538, -0.49281, 0.784409, -0.376616, -0.730229, -0.137455, 0.669232, -0.0706705, 0.429575, 0.0192914)
bone_name = "Spine"
bone_idx = 2
use_external_skeleton = true
external_skeleton = NodePath("../../../../../vrm_1_vsekai_godot_engine_humanoid_08/Root/Skeleton3D")

[node name="LeftUpperArm2" type="BoneAttachment3D" parent="VVVV_200502/Armature/GeneralSkeleton/ManyBoneIK3D"]
transform = Transform3D(-0.453979, -0.372046, -0.80962, 0.643922, -0.765031, -0.00951089, -0.615846, -0.525651, 0.586877, 0.138981, 0.582772, -0.0537413)
bone_name = "LeftUpperArm"
bone_idx = 10
use_external_skeleton = true
external_skeleton = NodePath("../../../../../vrm_1_vsekai_godot_engine_humanoid_08/Root/Skeleton3D")

[node name="LeftHand2" type="BoneAttachment3D" parent="VVVV_200502/Armature/GeneralSkeleton/ManyBoneIK3D"]
transform = Transform3D(-0.153294, 0.973594, 0.169161, -0.921128, -0.0788, -0.3812, -0.357805, -0.214255, 0.908884, 0.162087, 0.34802, -0.0548457)
bone_name = "LeftHand"
bone_idx = 12
use_external_skeleton = true
external_skeleton = NodePath("../../../../../vrm_1_vsekai_godot_engine_humanoid_08/Root/Skeleton3D")

[node name="RightUpperArm2" type="BoneAttachment3D" parent="VVVV_200502/Armature/GeneralSkeleton/ManyBoneIK3D"]
transform = Transform3D(0.986794, 0.155271, 0.0461377, 0.154698, -0.987836, 0.0157489, 0.0480218, -0.00840349, -0.998811, 0.0912406, 0.606939, 0.0511932)
bone_name = "RightUpperArm"
bone_idx = 29
use_external_skeleton = true
external_skeleton = NodePath("../../../../../vrm_1_vsekai_godot_engine_humanoid_08/Root/Skeleton3D")

[node name="RightHand2" type="BoneAttachment3D" parent="VVVV_200502/Armature/GeneralSkeleton/ManyBoneIK3D"]
transform = Transform3D(0.703935, 0.708825, -0.0451798, 0.63997, -0.660575, -0.392529, -0.308079, 0.247401, -0.918629, 0.147345, 0.23827, 0.0512743)
bone_name = "RightHand"
bone_idx = 31
use_external_skeleton = true
external_skeleton = NodePath("../../../../../vrm_1_vsekai_godot_engine_humanoid_08/Root/Skeleton3D")

[node name="LeftLowerLeg2" type="BoneAttachment3D" parent="VVVV_200502/Armature/GeneralSkeleton/ManyBoneIK3D"]
transform = Transform3D(0.398285, -0.0710904, -0.914503, -0.0613426, -0.996824, 0.0507738, -0.915208, 0.0358756, -0.401381, 0.205376, 0.376371, 0.0575629)
bone_name = "LeftLowerLeg"
bone_idx = 48
use_external_skeleton = true
external_skeleton = NodePath("../../../../../vrm_1_vsekai_godot_engine_humanoid_08/Root/Skeleton3D")

[node name="RightLowerLeg2" type="BoneAttachment3D" parent="VVVV_200502/Armature/GeneralSkeleton/ManyBoneIK3D"]
transform = Transform3D(-0.104174, -0.96379, -0.245471, -0.0776884, -0.238175, 0.96811, -0.99152, 0.119922, -0.0500638, -0.00138313, 0.131371, 0.0832271)
bone_name = "RightLowerLeg"
bone_idx = 52
use_external_skeleton = true
external_skeleton = NodePath("../../../../../vrm_1_vsekai_godot_engine_humanoid_08/Root/Skeleton3D")

[node name="LeftFoot2" type="BoneAttachment3D" parent="VVVV_200502/Armature/GeneralSkeleton/ManyBoneIK3D"]
transform = Transform3D(-0.466673, 0.855116, 0.225814, 0.417283, -0.0122344, 0.908694, 0.779802, 0.518292, -0.351116, 0.18586, 0.10272, 0.0674116)
bone_name = "LeftFoot"
bone_idx = 49
use_external_skeleton = true
external_skeleton = NodePath("../../../../../vrm_1_vsekai_godot_engine_humanoid_08/Root/Skeleton3D")

[node name="RightFoot2" type="BoneAttachment3D" parent="VVVV_200502/Armature/GeneralSkeleton/ManyBoneIK3D"]
transform = Transform3D(-0.277514, -0.0731617, 0.957932, -0.0835583, -0.99148, -0.0999307, 0.957081, -0.107775, 0.269036, -0.265966, 0.0659865, 0.116148)
bone_name = "RightFoot"
bone_idx = 53
use_external_skeleton = true
external_skeleton = NodePath("../../../../../vrm_1_vsekai_godot_engine_humanoid_08/Root/Skeleton3D")

[node name="LeftToes2" type="BoneAttachment3D" parent="VVVV_200502/Armature/GeneralSkeleton/ManyBoneIK3D"]
transform = Transform3D(0.466673, 0.881027, -0.077508, -0.417283, 0.142065, -0.897604, -0.779802, 0.45123, 0.433935, 0.269726, 0.0511358, 0.145205)
bone_name = "LeftToes"
bone_idx = 50
use_external_skeleton = true
external_skeleton = NodePath("../../../../../vrm_1_vsekai_godot_engine_humanoid_08/Root/Skeleton3D")

[node name="RightToes2" type="BoneAttachment3D" parent="VVVV_200502/Armature/GeneralSkeleton/ManyBoneIK3D"]
transform = Transform3D(0.277513, -0.0689175, -0.958247, 0.0835583, -0.991912, 0.0955377, -0.957081, -0.106582, -0.26951, -0.327135, -0.0401987, 0.0891416)
bone_name = "RightToes"
bone_idx = 54
use_external_skeleton = true
external_skeleton = NodePath("../../../../../vrm_1_vsekai_godot_engine_humanoid_08/Root/Skeleton3D")

[node name="Head2" type="BoneAttachment3D" parent="VVVV_200502/Armature/GeneralSkeleton/ManyBoneIK3D"]
transform = Transform3D(0.860763, 0.261544, 0.436671, -0.320767, 0.944829, 0.0663868, -0.395216, -0.197213, 0.897168, 0.175225, 0.68561, -0.0042972)
bone_name = "Head"
bone_idx = 5
use_external_skeleton = true
external_skeleton = NodePath("../../../../../vrm_1_vsekai_godot_engine_humanoid_08/Root/Skeleton3D")

[node name="Neck2" type="BoneAttachment3D" parent="VVVV_200502/Armature/GeneralSkeleton/ManyBoneIK3D"]
transform = Transform3D(0.527317, 0.710332, 0.466225, -0.522855, 0.703798, -0.480927, -0.669746, 0.00983278, 0.742525, 0.109816, 0.620802, -0.00520262)
bone_name = "Neck"
bone_idx = 4
use_external_skeleton = true
external_skeleton = NodePath("../../../../../vrm_1_vsekai_godot_engine_humanoid_08/Root/Skeleton3D")

[node name="Camera3D" type="Camera3D" parent="."]
transform = Transform3D(0.998535, 0.0159553, -0.0517096, 0, 0.955547, 0.29484, 0.0541152, -0.294408, 0.954147, 0.176118, 1.21459, 1.48047)

[node name="vrm_1_vsekai_godot_engine_humanoid_08" parent="." instance=ExtResource("3_jngiq")]

[node name="Skeleton3D" parent="vrm_1_vsekai_godot_engine_humanoid_08/Root" index="0"]
bones/0/rotation = Quaternion(-3.83595e-08, 4.24904e-08, -7.27192e-16, 1)
bones/1/position = Vector3(-0.0942799, 0.330478, 0.000475816)
bones/1/rotation = Quaternion(0.1304, 0.397815, -0.0685508, 0.90556)
bones/2/position = Vector3(-1.13505e-10, 0.103594, -4.08618e-09)
bones/2/rotation = Quaternion(0.0519071, -0.0145429, -0.256296, 0.965094)
bones/3/position = Vector3(3.7835e-09, 0.0778644, -9.68576e-09)
bones/3/rotation = Quaternion(0.0721348, -0.0331888, -0.026704, 0.996485)
bones/3/scale = Vector3(1, 1, 1)
bones/4/position = Vector3(-3.0268e-10, 0.186876, -1.69501e-08)
bones/4/rotation = Quaternion(0.0282846, -0.00688755, 0.0310651, 0.999093)
bones/4/scale = Vector3(1, 1, 1)
bones/5/position = Vector3(-2.42144e-09, 0.0920831, -1.6042e-08)
bones/5/rotation = Quaternion(-0.223417, -0.17655, 0.160244, 0.945112)
bones/5/scale = Vector3(1, 1, 1)
bones/6/position = Vector3(0.0184165, 0.0230212, -1.32929e-08)
bones/6/rotation = Quaternion(0.707144, -3.69879e-05, 3.70365e-05, 0.70707)
bones/6/scale = Vector3(1, 1, 1)
bones/7/position = Vector3(-0.0184164, 0.0230212, -1.37969e-08)
bones/7/rotation = Quaternion(0.707144, 3.70134e-05, -3.69661e-05, 0.70707)
bones/7/scale = Vector3(1, 1, 1)
bones/8/rotation = Quaternion(-6.98492e-08, 4.65661e-09, -2.79397e-09, 1)
bones/8/scale = Vector3(1, 1, 1)
bones/9/position = Vector3(0.01625, 0.186876, -1.57885e-08)
bones/9/rotation = Quaternion(-0.522853, -0.469391, -0.496667, 0.509528)
bones/9/scale = Vector3(1, 1, 1)
bones/10/position = Vector3(1.2107e-09, 0.052, 1.19559e-07)
bones/10/rotation = Quaternion(-0.0773811, 0.907467, -0.410115, -0.0481809)
bones/10/scale = Vector3(1, 1, 1)
bones/11/position = Vector3(-1.69501e-08, 0.207187, -1.22283e-07)
bones/11/rotation = Quaternion(0.509222, -0.457251, 0.590013, 0.428368)
bones/12/position = Vector3(-7.99075e-08, 0.16575, 1.81608e-08)
bones/12/rotation = Quaternion(-0.326602, 0.592788, 0.388117, 0.625539)
bones/13/position = Vector3(-0.0194238, -1.67773e-07, -1.77174e-07)
bones/13/rotation = Quaternion(0.114545, 0.764317, 0.297411, 0.560576)
bones/13/scale = Vector3(1, 0.999392, 0.999392)
bones/14/position = Vector3(1.63709e-07, 0.022103, -0.00379242)
bones/14/rotation = Quaternion(0.176102, -0.0010689, -9.04943e-05, 0.984371)
bones/14/scale = Vector3(1, 1, 1)
bones/15/position = Vector3(1.0426e-07, 0.0165773, -0.00284417)
bones/15/rotation = Quaternion(0.159505, -0.00195595, -0.000165499, 0.987195)
bones/15/scale = Vector3(1, 1, 1)
bones/16/position = Vector3(-0.0194239, 0.0517966, -8.63702e-08)
bones/16/rotation = Quaternion(0.455746, 0.0773195, -0.0319442, 0.88617)
bones/16/scale = Vector3(1, 1, 1)
bones/17/position = Vector3(7.8807e-09, 0.0191698, -1.66281e-08)
bones/17/rotation = Quaternion(0.404924, 0.0104173, 0.00382383, 0.914283)
bones/17/scale = Vector3(1, 1, 1)
bones/18/position = Vector3(-4.22649e-09, 0.014378, -7.11105e-08)
bones/18/rotation = Quaternion(0.41448, 0.011526, 0.00423045, 0.909976)
bones/19/position = Vector3(-0.00647465, 0.0517966, -5.54259e-08)
bones/19/rotation = Quaternion(0.100344, -0.00789732, 0.000495073, 0.994921)
bones/20/position = Vector3(1.39343e-08, 0.022399, -1.30852e-07)
bones/20/rotation = Quaternion(0.0902754, -0.00848363, -0.00383931, 0.995873)
bones/21/position = Vector3(1.15129e-08, 0.0167986, -9.45306e-08)
bones/21/rotation = Quaternion(0.0902436, -0.00848486, -0.00383974, 0.995876)
bones/21/scale = Vector3(1, 1, 1)
bones/22/position = Vector3(0.00647463, 0.0517966, -8.50176e-08)
bones/22/rotation = Quaternion(0.00497367, -0.00186565, -0.00142541, 0.999985)
bones/22/scale = Vector3(1, 1, 1)
bones/23/position = Vector3(2.96736e-08, 0.0191698, 1.22017e-08)
bones/23/rotation = Quaternion(-0.00412229, -0.00382411, -0.00111227, 0.999984)
bones/23/scale = Vector3(1, 1, 1)
bones/24/position = Vector3(2.48308e-08, 0.014378, -4.107e-08)
bones/24/rotation = Quaternion(0.00556302, -0.00371276, -0.00107993, 0.999977)
bones/25/position = Vector3(0.0194239, 0.0517966, -9.52377e-08)
bones/25/rotation = Quaternion(0.05213, -0.00462909, -0.00139115, 0.998629)
bones/25/scale = Vector3(1, 1, 1)
bones/26/position = Vector3(1.03021e-08, 0.0145074, -1.12313e-07)
bones/26/rotation = Quaternion(0.0488087, 0.0133679, 0.00386138, 0.998711)
bones/26/scale = Vector3(1, 1, 1)
bones/27/position = Vector3(-3.32838e-08, 0.0108797, -8.08348e-08)
bones/27/rotation = Quaternion(0.0488087, 0.0133679, 0.00386138, 0.998711)
bones/27/scale = Vector3(1, 1, 1)
bones/28/position = Vector3(-0.01625, 0.186876, -1.47822e-08)
bones/28/rotation = Quaternion(-0.409505, 0.48874, 0.769836, 0.0281157)
bones/28/scale = Vector3(1, 1, 1)
bones/29/position = Vector3(1.21073e-09, 0.052, 1.02684e-07)
bones/29/rotation = Quaternion(-0.239713, 0.819612, -0.49424, -0.16279)
bones/29/scale = Vector3(1, 1, 1)
bones/30/position = Vector3(2.48197e-08, 0.207188, -5.06989e-08)
bones/30/rotation = Quaternion(-0.0106879, 0.685552, -0.00316541, 0.727938)
bones/30/scale = Vector3(1, 1, 1)
bones/31/position = Vector3(4.60074e-08, 0.16575, 6.29572e-08)
bones/31/rotation = Quaternion(0.0986292, -0.731761, -0.33306, 0.586403)
bones/31/scale = Vector3(1, 1, 1)
bones/32/position = Vector3(0.0194241, 1.47702e-07, -1.00174e-07)
bones/32/rotation = Quaternion(0.114361, -0.764206, -0.297176, 0.560889)
bones/32/scale = Vector3(1, 0.999392, 0.999392)
bones/33/position = Vector3(-9.91459e-08, 0.0221018, -0.00379173)
bones/33/rotation = Quaternion(0.1757, 0.00109001, 9.10166e-05, 0.984443)
bones/33/scale = Vector3(1, 1, 1)
bones/34/position = Vector3(-1.04261e-07, 0.0165773, -0.00284416)
bones/34/rotation = Quaternion(0.159495, 0.00194889, 0.000163002, 0.987197)
bones/35/position = Vector3(0.0194239, 0.0517966, -1.84509e-08)
bones/35/rotation = Quaternion(0.302268, -0.0339513, 0.0210361, 0.952386)
bones/35/scale = Vector3(1, 1, 1)
bones/36/position = Vector3(-1.51451e-08, 0.0191699, -6.6873e-08)
bones/36/rotation = Quaternion(0.261038, 0.00580832, 0.00213279, 0.965309)
bones/36/scale = Vector3(1, 1, 1)
bones/37/position = Vector3(6.64788e-09, 0.014378, -7.41373e-08)
bones/37/rotation = Quaternion(0.271673, 0.00463795, 0.0017026, 0.962377)
bones/37/scale = Vector3(1, 1, 1)
bones/38/position = Vector3(0.00647464, 0.0517965, -7.7646e-09)
bones/38/rotation = Quaternion(-0.00531261, 0.0177432, 0.00421506, 0.99982)
bones/38/scale = Vector3(1, 1, 1)
bones/39/position = Vector3(-9.09147e-09, 0.022399, -2.8848e-09)
bones/39/rotation = Quaternion(-0.00510991, 0.0119233, 0.00538275, 0.999901)
bones/39/scale = Vector3(1, 1, 1)
bones/40/position = Vector3(1.51229e-08, 0.0167986, -4.54964e-08)
bones/40/rotation = Quaternion(-0.00507134, 0.011922, 0.00538209, 0.999902)
bones/40/scale = Vector3(1, 1, 1)
bones/41/position = Vector3(-0.00647464, 0.0517966, 1.13968e-08)
bones/41/rotation = Quaternion(0.0136571, 0.00231866, 0.000960277, 0.999904)
bones/41/scale = Vector3(1, 1, 1)
bones/42/position = Vector3(-1.51451e-08, 0.0191698, -1.19161e-07)
bones/42/rotation = Quaternion(0.00284096, 0.00374093, 0.00108886, 0.999988)
bones/42/scale = Vector3(1, 1, 1)
bones/43/position = Vector3(-5.45931e-09, 0.014378, -7.2246e-08)
bones/43/rotation = Quaternion(0.0134704, 0.00361921, 0.00105282, 0.999902)
bones/44/position = Vector3(-0.0194239, 0.0517965, -7.57956e-09)
bones/44/rotation = Quaternion(0.288041, 0.034042, -0.0331761, 0.956437)
bones/44/scale = Vector3(1, 1, 1)
bones/45/position = Vector3(-5.45931e-09, 0.0145074, -8.56777e-08)
bones/45/rotation = Quaternion(0.26356, -0.0026062, -0.000754408, 0.964639)
bones/45/scale = Vector3(1, 1, 1)
bones/46/position = Vector3(-1.51451e-08, 0.0108797, -1.02628e-07)
bones/46/rotation = Quaternion(0.263635, -0.0026022, -0.000752432, 0.964619)
bones/46/scale = Vector3(1, 1, 1)
bones/47/position = Vector3(0.0345313, 0.0517966, -1.84484e-09)
bones/47/rotation = Quaternion(0.163901, 0.774657, 0.586727, -0.169691)
bones/47/scale = Vector3(1, 1, 1)
bones/48/position = Vector3(4.01051e-09, 0.274523, 2.78465e-08)
bones/48/rotation = Quaternion(0.0926385, 0.689785, -0.718008, -0.00888083)
bones/48/scale = Vector3(1, 1, 1)
bones/49/position = Vector3(3.93482e-09, 0.274523, -3.87431e-08)
bones/49/rotation = Quaternion(-0.176276, 0.691843, -0.695649, 0.0797067)
bones/49/scale = Vector3(1, 1, 1)
bones/50/position = Vector3(1.81602e-09, 0.112666, -0.05525)
bones/50/rotation = Quaternion(-1.95515e-08, 0.996371, 0.085113, 1.9552e-07)
bones/51/position = Vector3(-0.0345313, 0.0517966, -3.58211e-09)
bones/51/rotation = Quaternion(0.273717, 0.352157, 0.894642, 0.026079)
bones/52/position = Vector3(-1.5134e-09, 0.274523, 2.73925e-08)
bones/52/rotation = Quaternion(0.0499088, 0.645361, -0.74973, 0.137562)
bones/53/position = Vector3(-3.02687e-10, 0.274523, -2.39874e-08)
bones/53/rotation = Quaternion(0.185783, 0.798852, -0.564463, -0.0932887)
bones/53/scale = Vector3(1, 1, 1)
bones/54/position = Vector3(1.89174e-08, 0.112666, -0.05525)
bones/54/rotation = Quaternion(3.8826e-09, 0.999998, 0.00221489, 1.89123e-07)
bones/54/scale = Vector3(1, 1, 1)

[node name="Armature_mesh" parent="vrm_1_vsekai_godot_engine_humanoid_08/Root/Skeleton3D" index="0"]
material_override = SubResource("StandardMaterial3D_el5ym")

[node name="AnimationPlayer" parent="vrm_1_vsekai_godot_engine_humanoid_08" index="1"]
libraries = {
"": ExtResource("4_lih0x")
}
autoplay = "ANIM_mocap_lyuma_ANIM_mocap_lyuma_08"

[editable path="VVVV_200502"]
[editable path="vrm_1_vsekai_godot_engine_humanoid_08"]
