[gd_scene load_steps=9 format=3 uid="uid://bf6ifpyxcso0f"]

[ext_resource type="Script" path="res://ik_distance.gd" id="1_qlrk8"]
[ext_resource type="PackedScene" uid="uid://b3kch1ese3obj" path="res://VVVV/vvvv_200502.tscn" id="2_pkdln"]
[ext_resource type="PackedScene" uid="uid://bt85fkku7hijs" path="res://vrm_01/vrm_1_vsekai_godot_engine_humanoid_08.tscn" id="3_jngiq"]
[ext_resource type="AnimationLibrary" uid="uid://cpaw35bnjcmf4" path="res://ANIM_dance.res" id="4_lih0x"]

[sub_resource type="ProceduralSkyMaterial" id="ProceduralSkyMaterial_ktm35"]
sky_horizon_color = Color(0.64625, 0.65575, 0.67075, 1)
ground_horizon_color = Color(0.64625, 0.65575, 0.67075, 1)

[sub_resource type="Sky" id="Sky_5474b"]
sky_material = SubResource("ProceduralSkyMaterial_ktm35")

[sub_resource type="Environment" id="Environment_fv2wy"]
background_mode = 2
sky = SubResource("Sky_5474b")
tonemap_mode = 2
glow_enabled = true

[sub_resource type="StandardMaterial3D" id="StandardMaterial3D_el5ym"]
blend_mode = 1
no_depth_test = true

[node name="Node3D" type="Node3D"]
script = ExtResource("1_qlrk8")

[node name="WorldEnvironment" type="WorldEnvironment" parent="."]
environment = SubResource("Environment_fv2wy")

[node name="DirectionalLight3D" type="DirectionalLight3D" parent="."]
transform = Transform3D(-0.866023, -0.433016, 0.250001, 0, 0.499998, 0.866027, -0.500003, 0.749999, -0.43301, 0, 0, 0)
shadow_enabled = true

[node name="VVVV_200502" parent="." instance=ExtResource("2_pkdln")]

[node name="GeneralSkeleton" parent="VVVV_200502/Armature" index="0"]
bones/0/position = Vector3(0.0653156, 0.635148, -0.00612059)
bones/0/rotation = Quaternion(-0.021379, 0.970527, -0.225676, -0.0817951)
bones/21/position = Vector3(0.0731263, -0.0284874, -0.00101876)
bones/21/rotation = Quaternion(0.790201, -0.194416, -0.577833, 0.0624067)
bones/21/scale = Vector3(1, 1, 1)
bones/22/position = Vector3(0.00965148, 0.278987, 0.0076475)
bones/22/rotation = Quaternion(-0.0326256, 0.742608, -0.0255179, 0.668444)
bones/22/scale = Vector3(1, 1, 1)
bones/23/position = Vector3(-0.00889025, 0.337273, 0.000891945)
bones/23/rotation = Quaternion(-0.156471, 0.909115, -0.376801, -0.0839471)
bones/23/scale = Vector3(1, 1, 1)
bones/24/position = Vector3(0.00493297, 0.00373887, -0.10383)
bones/24/rotation = Quaternion(-0.0876297, 0.985724, 0.092809, 0.109803)
bones/24/scale = Vector3(1, 1, 1)
bones/33/position = Vector3(-0.07313, -0.028487, -0.00102139)
bones/33/rotation = Quaternion(0.731125, -0.0450169, 0.680417, 0.0215089)
bones/33/scale = Vector3(1, 1, 1)
bones/34/position = Vector3(-0.00965254, 0.27899, 0.00764826)
bones/34/rotation = Quaternion(0.0257514, -0.637166, 0.00515811, 0.770279)
bones/34/scale = Vector3(1, 1, 1)
bones/35/position = Vector3(0.00889197, 0.337273, 0.000894903)
bones/35/rotation = Quaternion(0.188023, 0.902731, -0.374962, 0.0955389)
bones/35/scale = Vector3(1, 1, 1)
bones/36/position = Vector3(-0.00493375, 0.00373563, -0.103827)
bones/36/rotation = Quaternion(0.00911955, 0.871928, -0.438612, -0.217433)
bones/36/scale = Vector3(1, 1, 1)
bones/40/position = Vector3(1.03028e-08, 0.112506, 0.0258579)
bones/40/rotation = Quaternion(-0.110776, 0.0369815, 0.0139495, 0.993059)
bones/41/position = Vector3(-9.1386e-09, 0.161971, -0.0285273)
bones/41/rotation = Quaternion(-0.0311598, -0.0610611, 0.00859173, 0.997611)
bones/56/position = Vector3(0.045, 0.0170323, 9.31323e-09)
bones/56/rotation = Quaternion(0.666807, -0.224615, 0.603047, 0.375833)
bones/56/scale = Vector3(1, 1, 1)
bones/57/position = Vector3(-3.72529e-09, 0.0339932, -0.00833464)
bones/57/rotation = Quaternion(-0.144626, 0.697378, 0.690079, 0.128602)
bones/57/scale = Vector3(1, 1, 1)
bones/58/position = Vector3(0.00010341, 0.176997, 0.00102091)
bones/58/rotation = Quaternion(-0.323373, 0.786889, -0.221885, -0.476449)
bones/58/scale = Vector3(1, 1, 1)
bones/59/position = Vector3(0.000538945, 0.190014, -1.25207e-05)
bones/59/rotation = Quaternion(0.000642119, 0.759208, -0.335495, 0.557714)
bones/59/scale = Vector3(1, 1, 1)
bones/85/position = Vector3(-3.64671e-08, 0.0395337, -0.000972135)
bones/85/rotation = Quaternion(0.05135, 0.0410114, 0.0534889, 0.996404)
bones/85/scale = Vector3(1, 1, 1)
bones/86/position = Vector3(1.90339e-08, 0.0563413, 0.0135837)
bones/86/rotation = Quaternion(-0.100423, 0.130681, 0.0390724, 0.985551)
bones/86/scale = Vector3(1, 1, 1)
bones/165/position = Vector3(-0.0450001, 0.0170305, 5.58794e-09)
bones/165/rotation = Quaternion(-0.480974, -0.321407, 0.657419, -0.482868)
bones/165/scale = Vector3(1, 1, 1)
bones/166/position = Vector3(-1.15484e-07, 0.0340878, -0.00793862)
bones/166/rotation = Quaternion(0.189456, 0.694734, 0.679456, 0.14068)
bones/167/position = Vector3(-0.000102334, 0.176997, 0.00102484)
bones/167/rotation = Quaternion(-0.0191169, 0.369885, -0.0082234, 0.928844)
bones/167/scale = Vector3(1, 1, 1)
bones/168/position = Vector3(-0.000538349, 0.190013, -1.11684e-05)
bones/168/rotation = Quaternion(0.135586, -0.429455, -0.202982, 0.869473)
bones/201/rotation = Quaternion(0, 0, 0, 1)

[node name="ManyBoneIK3D" type="ManyBoneIK3D" parent="VVVV_200502/Armature/GeneralSkeleton" index="3"]
process_priority = 1
process_thread_group = 2
process_thread_group_order = 100
process_thread_messages = 0
constraint_count = 20
constraints/0/bone_name = &"Hips"
constraints/0/resistance = 0.0
constraints/0/twist_from = 0.0
constraints/0/twist_range = 6.28319
constraints/0/twist_current = null
constraints/0/kusudama_limit_cone_count = 1
constraints/0/kusudama_limit_cone/0/center = Vector3(0, 0, 1)
constraints/0/kusudama_limit_cone/0/radius = 0.0523599
constraints/0/kusudama_twist = Transform3D(1, 0, 0, 0, 1, 0, 0, 0, 1, 0, 0, 0)
constraints/0/kusudama_orientation = Transform3D(1, 0, 0, 0, 1, 0, 0, 0, 1, 0.0653156, 0.635148, -0.00612059)
constraints/0/bone_direction = Transform3D(1, 6.10636e-05, 1.25427e-05, -6.10636e-05, 0.919034, 0.394178, 1.25427e-05, -0.394178, 0.919034, 0, 0, 0)
constraints/1/bone_name = &"LeftUpperLeg"
constraints/1/resistance = 0.8
constraints/1/twist_from = 5.23599
constraints/1/twist_range = 0.174533
constraints/1/twist_current = null
constraints/1/kusudama_limit_cone_count = 1
constraints/1/kusudama_limit_cone/0/center = Vector3(0, 0, -1)
constraints/1/kusudama_limit_cone/0/radius = 0.436332
constraints/1/kusudama_twist = Transform3D(1, 0, 0, 0, 1, 0, 0, 0, 1, 0, 0, 0)
constraints/1/kusudama_orientation = Transform3D(1, 0, 0, 0, 1, 0, 0, 0, 1, 0.0731263, -0.0284874, -0.00101876)
constraints/1/bone_direction = Transform3D(0.999402, -0.0345611, -0.000473458, 0.0345611, 0.999027, 0.027385, -0.000473458, -0.027385, 0.999625, 0, 0, 0)
constraints/2/bone_name = &"LeftLowerLeg"
constraints/2/resistance = 0.0
constraints/2/twist_from = 0.0
constraints/2/twist_range = 6.28319
constraints/2/twist_current = null
constraints/2/kusudama_limit_cone_count = 3
constraints/2/kusudama_limit_cone/0/center = Vector3(0, 0, 1)
constraints/2/kusudama_limit_cone/0/radius = 0.0436332
constraints/2/kusudama_limit_cone/1/center = Vector3(0, 1, 0)
constraints/2/kusudama_limit_cone/1/radius = 0.0436332
constraints/2/kusudama_limit_cone/2/center = Vector3(0, 0, -1)
constraints/2/kusudama_limit_cone/2/radius = 0.0436332
constraints/2/kusudama_twist = Transform3D(1, 0, 0, 0, 1, 0, 0, 0, 1, 0, 0, 0)
constraints/2/kusudama_orientation = Transform3D(1, 0, 0, 0, 1, 0, 0, 0, 1, 0.00965148, 0.278987, 0.0076475)
constraints/2/bone_direction = Transform3D(0.999653, 0.02635, 3.48362e-05, -0.02635, 0.999649, 0.00264365, 3.48362e-05, -0.00264365, 0.999997, 0, 0, 0)
constraints/3/bone_name = &"LeftFoot"
constraints/3/resistance = 0.0
constraints/3/twist_from = 0.0
constraints/3/twist_range = 6.28319
constraints/3/twist_current = null
constraints/3/kusudama_limit_cone_count = 4
constraints/3/kusudama_limit_cone/0/center = Vector3(0, -0.707107, 0.707107)
constraints/3/kusudama_limit_cone/0/radius = 0.0436332
constraints/3/kusudama_limit_cone/1/center = Vector3(0, 0, -1)
constraints/3/kusudama_limit_cone/1/radius = 0.0
constraints/3/kusudama_limit_cone/2/center = Vector3(0, 0.707107, -0.707107)
constraints/3/kusudama_limit_cone/2/radius = 0.0436332
constraints/3/kusudama_limit_cone/3/center = Vector3(0, 0, -1)
constraints/3/kusudama_limit_cone/3/radius = 0.0
constraints/3/kusudama_twist = Transform3D(1, 0, 0, 0, 1, 0, 0, 0, 1, 0, 0, 0)
constraints/3/kusudama_orientation = Transform3D(1, 0, 0, 0, 1, 0, 0, 0, 1, -0.00889025, 0.337273, 0.000891945)
constraints/3/bone_direction = Transform3D(0.997829, -0.0474259, 0.0456991, 0.0474259, 0.0359457, -0.998228, 0.0456991, 0.998228, 0.0381169, 0, 0, 0)
constraints/4/bone_name = &"RightUpperLeg"
constraints/4/resistance = 0.8
constraints/4/twist_from = 5.23599
constraints/4/twist_range = 0.174533
constraints/4/twist_current = null
constraints/4/kusudama_limit_cone_count = 1
constraints/4/kusudama_limit_cone/0/center = Vector3(0, 0, -1)
constraints/4/kusudama_limit_cone/0/radius = 0.436332
constraints/4/kusudama_twist = Transform3D(1, 0, 0, 0, 1, 0, 0, 0, 1, 0, 0, 0)
constraints/4/kusudama_orientation = Transform3D(1, 0, 0, 0, 1, 0, 0, 0, 1, -0.07313, -0.028487, -0.00102139)
constraints/4/bone_direction = Transform3D(0.999402, 0.0345645, 0.000473547, -0.0345645, 0.999027, 0.0273874, 0.000473547, -0.0273874, 0.999625, 0, 0, 0)
constraints/5/bone_name = &"RightLowerLeg"
constraints/5/resistance = 0.0
constraints/5/twist_from = 0.0
constraints/5/twist_range = 6.28319
constraints/5/twist_current = null
constraints/5/kusudama_limit_cone_count = 3
constraints/5/kusudama_limit_cone/0/center = Vector3(0, 0, 1)
constraints/5/kusudama_limit_cone/0/radius = 0.0436332
constraints/5/kusudama_limit_cone/1/center = Vector3(0, 1, 0)
constraints/5/kusudama_limit_cone/1/radius = 0.0436332
constraints/5/kusudama_limit_cone/2/center = Vector3(0, 0, -1)
constraints/5/kusudama_limit_cone/2/radius = 0.0436332
constraints/5/kusudama_twist = Transform3D(1, 0, 0, 0, 1, 0, 0, 0, 1, 0, 0, 0)
constraints/5/kusudama_orientation = Transform3D(1, 0, 0, 0, 1, 0, 0, 0, 1, -0.00965254, 0.27899, 0.00764826)
constraints/5/bone_direction = Transform3D(0.999653, -0.0263551, -3.49585e-05, 0.0263551, 0.999649, 0.00265242, -3.49585e-05, -0.00265242, 0.999996, 0, 0, 0)
constraints/6/bone_name = &"RightFoot"
constraints/6/resistance = 0.0
constraints/6/twist_from = 0.0
constraints/6/twist_range = 6.28319
constraints/6/twist_current = null
constraints/6/kusudama_limit_cone_count = 4
constraints/6/kusudama_limit_cone/0/center = Vector3(0, -0.707107, 0.707107)
constraints/6/kusudama_limit_cone/0/radius = 0.0436332
constraints/6/kusudama_limit_cone/1/center = Vector3(0, 0, -1)
constraints/6/kusudama_limit_cone/1/radius = 0.0
constraints/6/kusudama_limit_cone/2/center = Vector3(0, 0.707107, -0.707107)
constraints/6/kusudama_limit_cone/2/radius = 0.0436332
constraints/6/kusudama_limit_cone/3/center = Vector3(0, 0, -1)
constraints/6/kusudama_limit_cone/3/radius = 0.0
constraints/6/kusudama_twist = Transform3D(1, 0, 0, 0, 1, 0, 0, 0, 1, 0, 0, 0)
constraints/6/kusudama_orientation = Transform3D(1, 0, 0, 0, 1, 0, 0, 0, 1, 0.00889197, 0.337273, 0.000894903)
constraints/6/bone_direction = Transform3D(0.997828, 0.0474348, -0.0457091, -0.0474348, 0.0359156, -0.998228, -0.0457091, 0.998228, 0.0380877, 0, 0, 0)
constraints/7/bone_name = &"Spine"
constraints/7/resistance = 0.5
constraints/7/twist_from = 0.0698132
constraints/7/twist_range = 0.174533
constraints/7/twist_current = null
constraints/7/kusudama_limit_cone_count = 1
constraints/7/kusudama_limit_cone/0/center = Vector3(0, 0, 1)
constraints/7/kusudama_limit_cone/0/radius = 0.0523599
constraints/7/kusudama_twist = Transform3D(1, 0, 0, 0, 1, 0, 0, 0, 1, 0, 0, 0)
constraints/7/kusudama_orientation = Transform3D(1, 0, 0, 0, 1, 0, 0, 0, 1, 1.03028e-08, 0.112506, 0.0258579)
constraints/7/bone_direction = Transform3D(1, 5.5566e-08, -4.85593e-09, -5.5566e-08, 0.984842, -0.173456, -4.85593e-09, 0.173456, 0.984842, 0, 0, 0)
constraints/8/bone_name = &"Chest"
constraints/8/resistance = 0.5
constraints/8/twist_from = 0.0872665
constraints/8/twist_range = -0.174533
constraints/8/twist_current = null
constraints/8/kusudama_limit_cone_count = 1
constraints/8/kusudama_limit_cone/0/center = Vector3(0, 0, 1)
constraints/8/kusudama_limit_cone/0/radius = 0.0523599
constraints/8/kusudama_twist = Transform3D(1, 0, 0, 0, 1, 0, 0, 0, 1, 0, 0, 0)
constraints/8/kusudama_orientation = Transform3D(1, 0, 0, 0, 1, 0, 0, 0, 1, -9.1386e-09, 0.161971, -0.0285273)
constraints/8/bone_direction = Transform3D(1, 1.8541e-06, -1.22447e-08, -1.8541e-06, 0.999913, -0.0132076, -1.22447e-08, 0.0132076, 0.999913, 0, 0, 0)
constraints/9/bone_name = &"LeftShoulder"
constraints/9/resistance = 0.0
constraints/9/twist_from = 0.0
constraints/9/twist_range = 6.28319
constraints/9/twist_current = null
constraints/9/kusudama_limit_cone_count = 0
constraints/9/kusudama_twist = Transform3D(1, 0, 0, 0, 1, 0, 0, 0, 1, 0, 0, 0)
constraints/9/kusudama_orientation = Transform3D(1, 0, 0, 0, 1, 0, 0, 0, 1, 0.045, 0.0170323, 9.31323e-09)
constraints/9/bone_direction = Transform3D(1, 1.06437e-07, -1.28579e-08, -1.06437e-07, 0.971233, -0.238132, -1.28579e-08, 0.238132, 0.971233, 0, 0, 0)
constraints/10/bone_name = &"LeftUpperArm"
constraints/10/resistance = 0.3
constraints/10/twist_from = 1.39626
constraints/10/twist_range = 0.20944
constraints/10/twist_current = null
constraints/10/kusudama_limit_cone_count = 1
constraints/10/kusudama_limit_cone/0/center = Vector3(0, 0, 1)
constraints/10/kusudama_limit_cone/0/radius = 1.5708
constraints/10/kusudama_twist = Transform3D(1, 0, 0, 0, 1, 0, 0, 0, 1, 0, 0, 0)
constraints/10/kusudama_orientation = Transform3D(1, 0, 0, 0, 1, 0, 0, 0, 1, -3.72529e-09, 0.0339932, -0.00833464)
constraints/10/bone_direction = Transform3D(1, -0.000584237, -1.68491e-06, 0.000584237, 0.999983, 0.00576785, -1.68491e-06, -0.00576785, 0.999983, 0, 0, 0)
constraints/11/bone_name = &"LeftLowerArm"
constraints/11/resistance = 0.4
constraints/11/twist_from = -0.959931
constraints/11/twist_range = 0.872665
constraints/11/twist_current = null
constraints/11/kusudama_limit_cone_count = 3
constraints/11/kusudama_limit_cone/0/center = Vector3(0, 0, 1)
constraints/11/kusudama_limit_cone/0/radius = 0.0436332
constraints/11/kusudama_limit_cone/1/center = Vector3(-1, 0, 0)
constraints/11/kusudama_limit_cone/1/radius = 0.0436332
constraints/11/kusudama_limit_cone/2/center = Vector3(0, 0, -1)
constraints/11/kusudama_limit_cone/2/radius = 0.0436332
constraints/11/kusudama_twist = Transform3D(1, 0, 0, 0, 1, 0, 0, 0, 1, 0, 0, 0)
constraints/11/kusudama_orientation = Transform3D(1, 0, 0, 0, 1, 0, 0, 0, 1, 0.00010341, 0.176997, 0.00102091)
constraints/11/bone_direction = Transform3D(0.999996, -0.00283633, 9.34478e-08, 0.00283633, 0.999996, -6.58933e-05, 9.34478e-08, 6.58933e-05, 1, 0, 0, 0)
constraints/12/bone_name = &"LeftHand"
constraints/12/resistance = 0.0
constraints/12/twist_from = 0.0
constraints/12/twist_range = 6.28319
constraints/12/twist_current = null
constraints/12/kusudama_limit_cone_count = 8
constraints/12/kusudama_limit_cone/0/center = Vector3(0, 0.707107, 0.707107)
constraints/12/kusudama_limit_cone/0/radius = 1.13446
constraints/12/kusudama_limit_cone/1/center = Vector3(0, 0, 1)
constraints/12/kusudama_limit_cone/1/radius = 0.0
constraints/12/kusudama_limit_cone/2/center = Vector3(0, -0.707107, 0.707107)
constraints/12/kusudama_limit_cone/2/radius = 1.22173
constraints/12/kusudama_limit_cone/3/center = Vector3(0, 0, 1)
constraints/12/kusudama_limit_cone/3/radius = 0.0
constraints/12/kusudama_limit_cone/4/center = Vector3(0.707107, 0, 0.707107)
constraints/12/kusudama_limit_cone/4/radius = 0.698132
constraints/12/kusudama_limit_cone/5/center = Vector3(0, 0, 1)
constraints/12/kusudama_limit_cone/5/radius = 0.0
constraints/12/kusudama_limit_cone/6/center = Vector3(-0.707107, 0, 0.707107)
constraints/12/kusudama_limit_cone/6/radius = 0.785398
constraints/12/kusudama_limit_cone/7/center = Vector3(0, 0, 1)
constraints/12/kusudama_limit_cone/7/radius = 0.0
constraints/12/kusudama_twist = Transform3D(1, 0, 0, 0, 1, 0, 0, 0, 1, 0, 0, 0)
constraints/12/kusudama_orientation = Transform3D(1, 0, 0, 0, 1, 0, 0, 0, 1, 0.000538945, 0.190014, -1.25207e-05)
constraints/12/bone_direction = Transform3D(0.981415, -0.17253, -0.0840144, 0.17253, 0.601627, 0.779922, -0.0840144, -0.779922, 0.620212, 0, 0, 0)
constraints/13/bone_name = &"Neck"
constraints/13/resistance = 0.6
constraints/13/twist_from = 0.261799
constraints/13/twist_range = 0.261799
constraints/13/twist_current = null
constraints/13/kusudama_limit_cone_count = 1
constraints/13/kusudama_limit_cone/0/center = Vector3(0, 0, 1)
constraints/13/kusudama_limit_cone/0/radius = 0.174533
constraints/13/kusudama_twist = Transform3D(1, 0, 0, 0, 1, 0, 0, 0, 1, 0, 0, 0)
constraints/13/kusudama_orientation = Transform3D(1, 0, 0, 0, 1, 0, 0, 0, 1, -3.64671e-08, 0.0395337, -0.000972135)
constraints/13/bone_direction = Transform3D(1, -3.28422e-07, -3.90315e-08, 3.28422e-07, 0.972145, 0.234381, -3.90315e-08, -0.234381, 0.972145, 0, 0, 0)
constraints/14/bone_name = &"Head"
constraints/14/resistance = 0.7
constraints/14/twist_from = 0.261799
constraints/14/twist_range = 0.261799
constraints/14/twist_current = null
constraints/14/kusudama_limit_cone_count = 1
constraints/14/kusudama_limit_cone/0/center = Vector3(0, 0, 1)
constraints/14/kusudama_limit_cone/0/radius = 0.261799
constraints/14/kusudama_twist = Transform3D(1, 0, 0, 0, 1, 0, 0, 0, 1, 0, 0, 0)
constraints/14/kusudama_orientation = Transform3D(1, 0, 0, 0, 1, 0, 0, 0, 1, 1.90339e-08, 0.0563413, 0.0135837)
constraints/14/bone_direction = Transform3D(0.980297, 0.197525, 0.000801237, -0.197525, 0.980265, 0.0080327, 0.000801237, -0.0080327, 0.999967, 0, 0, 0)
constraints/15/bone_name = &"RightShoulder"
constraints/15/resistance = 0.0
constraints/15/twist_from = 0.0
constraints/15/twist_range = 6.28319
constraints/15/twist_current = null
constraints/15/kusudama_limit_cone_count = 0
constraints/15/kusudama_twist = Transform3D(1, 0, 0, 0, 1, 0, 0, 0, 1, 0, 0, 0)
constraints/15/kusudama_orientation = Transform3D(1, 0, 0, 0, 1, 0, 0, 0, 1, -0.0450001, 0.0170305, 5.58794e-09)
constraints/15/bone_direction = Transform3D(1, 3.29954e-06, -3.79138e-07, -3.29954e-06, 0.973937, -0.226818, -3.79138e-07, 0.226818, 0.973937, 0, 0, 0)
constraints/16/bone_name = &"RightUpperArm"
constraints/16/resistance = 0.3
constraints/16/twist_from = 1.39626
constraints/16/twist_range = 0.20944
constraints/16/twist_current = null
constraints/16/kusudama_limit_cone_count = 1
constraints/16/kusudama_limit_cone/0/center = Vector3(0, 0, 1)
constraints/16/kusudama_limit_cone/0/radius = 1.5708
constraints/16/kusudama_twist = Transform3D(1, 0, 0, 0, 1, 0, 0, 0, 1, 0, 0, 0)
constraints/16/kusudama_orientation = Transform3D(1, 0, 0, 0, 1, 0, 0, 0, 1, -1.15484e-07, 0.0340878, -0.00793862)
constraints/16/bone_direction = Transform3D(1, 0.000578158, 1.6738e-06, -0.000578158, 0.999983, 0.00579006, 1.6738e-06, -0.00579006, 0.999983, 0, 0, 0)
constraints/17/bone_name = &"RightLowerArm"
constraints/17/resistance = 0.4
constraints/17/twist_from = -2.53073
constraints/17/twist_range = 0.872665
constraints/17/twist_current = null
constraints/17/kusudama_limit_cone_count = 3
constraints/17/kusudama_limit_cone/0/center = Vector3(0, 0, 1)
constraints/17/kusudama_limit_cone/0/radius = 0.0436332
constraints/17/kusudama_limit_cone/1/center = Vector3(0, 0, 1)
constraints/17/kusudama_limit_cone/1/radius = 0.0436332
constraints/17/kusudama_limit_cone/2/center = Vector3(0, 0, -1)
constraints/17/kusudama_limit_cone/2/radius = 0.0436332
constraints/17/kusudama_twist = Transform3D(1, 0, 0, 0, 1, 0, 0, 0, 1, 0, 0, 0)
constraints/17/kusudama_orientation = Transform3D(1, 0, 0, 0, 1, 0, 0, 0, 1, -0.000102334, 0.176997, 0.00102484)
constraints/17/bone_direction = Transform3D(0.999996, 0.00283321, -8.32637e-08, -0.00283321, 0.999996, -5.87768e-05, -8.32637e-08, 5.87768e-05, 1, 0, 0, 0)
constraints/18/bone_name = &"RightHand"
constraints/18/resistance = 0.0
constraints/18/twist_from = 0.0
constraints/18/twist_range = 6.28319
constraints/18/twist_current = null
constraints/18/kusudama_limit_cone_count = 8
constraints/18/kusudama_limit_cone/0/center = Vector3(0, 0.707107, 0.707107)
constraints/18/kusudama_limit_cone/0/radius = 1.13446
constraints/18/kusudama_limit_cone/1/center = Vector3(0, 0, 1)
constraints/18/kusudama_limit_cone/1/radius = 0.0
constraints/18/kusudama_limit_cone/2/center = Vector3(0, -0.707107, 0.707107)
constraints/18/kusudama_limit_cone/2/radius = 1.22173
constraints/18/kusudama_limit_cone/3/center = Vector3(0, 0, 1)
constraints/18/kusudama_limit_cone/3/radius = 0.0
constraints/18/kusudama_limit_cone/4/center = Vector3(0.707107, 0, 0.707107)
constraints/18/kusudama_limit_cone/4/radius = 0.698132
constraints/18/kusudama_limit_cone/5/center = Vector3(0, 0, 1)
constraints/18/kusudama_limit_cone/5/radius = 0.0
constraints/18/kusudama_limit_cone/6/center = Vector3(-0.707107, 0, 0.707107)
constraints/18/kusudama_limit_cone/6/radius = 0.785398
constraints/18/kusudama_limit_cone/7/center = Vector3(0, 0, 1)
constraints/18/kusudama_limit_cone/7/radius = 0.0
constraints/18/kusudama_twist = Transform3D(1, 0, 0, 0, 1, 0, 0, 0, 1, 0, 0, 0)
constraints/18/kusudama_orientation = Transform3D(1, 0, 0, 0, 1, 0, 0, 0, 1, -0.000538349, 0.190013, -1.11684e-05)
constraints/18/bone_direction = Transform3D(0.971532, -0.235202, -0.0283774, 0.235202, 0.943245, 0.234454, -0.0283774, -0.234454, 0.971713, 0, 0, 0)
constraints/19/bone_name = &"Root"
constraints/19/resistance = 0.0
constraints/19/twist_from = 0.0
constraints/19/twist_range = 6.28319
constraints/19/twist_current = null
constraints/19/kusudama_limit_cone_count = 1
constraints/19/kusudama_limit_cone/0/center = Vector3(0, 0, 1)
constraints/19/kusudama_limit_cone/0/radius = 0.0523599
constraints/19/kusudama_twist = Transform3D(1, 0, 0, 0, 1, 0, 0, 0, 1, 0, 0, 0)
constraints/19/kusudama_orientation = Transform3D(1, 0, 0, 0, 1, 0, 0, 0, 1, 0, 0, 0)
constraints/19/bone_direction = Transform3D(1, 0.000387991, -1.92439e-07, -0.000387991, 0.999999, -0.000991979, -1.92439e-07, 0.000991979, 1, 0, 0, 0)
pin_count = 14
pins/0/bone_name = "Hips"
pins/0/target_node = NodePath("Hips")
pins/0/passthrough_factor = 0.0
pins/0/weight = 1.0
pins/0/direction_priorities = Vector3(0.2, 0, 0.2)
pins/1/bone_name = "Spine"
pins/1/target_node = NodePath("Spine")
pins/1/passthrough_factor = 1.0
pins/1/weight = 1.0
pins/1/direction_priorities = Vector3(0.2, 0, 0.2)
pins/2/bone_name = "LeftUpperArm"
pins/2/target_node = NodePath("LeftUpperArm")
pins/2/passthrough_factor = 1.0
pins/2/weight = 1.0
pins/2/direction_priorities = Vector3(0.2, 0, 0.2)
pins/3/bone_name = "LeftHand"
pins/3/target_node = NodePath("LeftHand")
pins/3/passthrough_factor = 1.0
pins/3/weight = 1.0
pins/3/direction_priorities = Vector3(0.2, 0, 0.2)
pins/4/bone_name = "RightUpperArm"
pins/4/target_node = NodePath("RightUpperArm")
pins/4/passthrough_factor = 1.0
pins/4/weight = 1.0
pins/4/direction_priorities = Vector3(0.2, 0, 0.2)
pins/5/bone_name = "RightHand"
pins/5/target_node = NodePath("RightHand")
pins/5/passthrough_factor = 1.0
pins/5/weight = 1.0
pins/5/direction_priorities = Vector3(0.2, 0, 0.2)
pins/6/bone_name = "LeftLowerLeg"
pins/6/target_node = NodePath("LeftLowerLeg")
pins/6/passthrough_factor = 1.0
pins/6/weight = 1.0
pins/6/direction_priorities = Vector3(0.2, 0, 0.2)
pins/7/bone_name = "RightLowerLeg"
pins/7/target_node = NodePath("RightLowerLeg")
pins/7/passthrough_factor = 1.0
pins/7/weight = 1.0
pins/7/direction_priorities = Vector3(0.2, 0, 0.2)
pins/8/bone_name = "LeftFoot"
pins/8/target_node = NodePath("LeftFoot")
pins/8/passthrough_factor = 1.0
pins/8/weight = 1.0
pins/8/direction_priorities = Vector3(0.2, 0, 0.2)
pins/9/bone_name = "RightFoot"
pins/9/target_node = NodePath("RightFoot")
pins/9/passthrough_factor = 1.0
pins/9/weight = 1.0
pins/9/direction_priorities = Vector3(0.2, 0, 0.2)
pins/10/bone_name = "LeftToes"
pins/10/target_node = NodePath("LeftToes")
pins/10/passthrough_factor = 1.0
pins/10/weight = 1.0
pins/10/direction_priorities = Vector3(0.2, 0, 0.2)
pins/11/bone_name = "RightToes"
pins/11/target_node = NodePath("RightToes")
pins/11/passthrough_factor = 1.0
pins/11/weight = 1.0
pins/11/direction_priorities = Vector3(0.2, 0, 0.2)
pins/12/bone_name = "Head"
pins/12/target_node = NodePath("Head")
pins/12/passthrough_factor = 1.0
pins/12/weight = 1.0
pins/12/direction_priorities = Vector3(0.2, 0, 0.2)
pins/13/bone_name = "Neck"
pins/13/target_node = NodePath("Neck")
pins/13/passthrough_factor = 1.0
pins/13/weight = 1.0
pins/13/direction_priorities = Vector3(0.2, 0, 0.2)

[node name="Hips" type="BoneAttachment3D" parent="VVVV_200502/Armature/GeneralSkeleton/ManyBoneIK3D"]
transform = Transform3D(-0.985458, -0.0388836, -0.16541, -0.0135187, 0.988321, -0.151788, 0.16938, -0.147345, -0.974474, 0.0653156, 0.635148, -0.00612059)
bone_name = "Hips"
bone_idx = 1
use_external_skeleton = true
external_skeleton = NodePath("../../../../../vrm_1_vsekai_godot_engine_humanoid_08/Root/Skeleton3D")

[node name="Spine" type="BoneAttachment3D" parent="VVVV_200502/Armature/GeneralSkeleton/ManyBoneIK3D"]
transform = Transform3D(-0.973764, 0.0788849, -0.213451, 0.117756, 0.977318, -0.176017, 0.194724, -0.196534, -0.960967, 0.0612875, 0.737532, -0.0213846)
bone_name = "Spine"
bone_idx = 2
use_external_skeleton = true
external_skeleton = NodePath("../../../../../vrm_1_vsekai_godot_engine_humanoid_08/Root/Skeleton3D")

[node name="LeftUpperArm" type="BoneAttachment3D" parent="VVVV_200502/Armature/GeneralSkeleton/ManyBoneIK3D"]
transform = Transform3D(0.425837, -0.372858, 0.824403, 0.289081, -0.807322, -0.514454, 0.857377, 0.457392, -0.236002, 0.0146384, 0.993458, -0.0601099)
bone_name = "LeftUpperArm"
bone_idx = 10
use_external_skeleton = true
external_skeleton = NodePath("../../../../../vrm_1_vsekai_godot_engine_humanoid_08/Root/Skeleton3D")

[node name="LeftHand" type="BoneAttachment3D" parent="VVVV_200502/Armature/GeneralSkeleton/ManyBoneIK3D"]
transform = Transform3D(0.179365, -0.886302, 0.426962, -0.188245, -0.456901, -0.86937, 0.965604, 0.0755612, -0.248794, -0.181283, 0.72698, -0.0249058)
bone_name = "LeftHand"
bone_idx = 12
use_external_skeleton = true
external_skeleton = NodePath("../../../../../vrm_1_vsekai_godot_engine_humanoid_08/Root/Skeleton3D")

[node name="RightUpperArm" type="BoneAttachment3D" parent="VVVV_200502/Armature/GeneralSkeleton/ManyBoneIK3D"]
transform = Transform3D(-0.557986, 0.214111, -0.801753, -0.0810475, -0.975583, -0.204127, -0.825883, -0.0489202, 0.561715, 0.144431, 0.974222, -0.0820852)
bone_name = "RightUpperArm"
bone_idx = 29
use_external_skeleton = true
external_skeleton = NodePath("../../../../../vrm_1_vsekai_godot_engine_humanoid_08/Root/Skeleton3D")

[node name="RightHand" type="BoneAttachment3D" parent="VVVV_200502/Armature/GeneralSkeleton/ManyBoneIK3D"]
transform = Transform3D(-0.717585, 0.237961, -0.654558, 0.144073, -0.868775, -0.473784, -0.681406, -0.434285, 0.589137, 0.183865, 0.618394, -0.154068)
bone_name = "RightHand"
bone_idx = 31
use_external_skeleton = true
external_skeleton = NodePath("../../../../../vrm_1_vsekai_godot_engine_humanoid_08/Root/Skeleton3D")

[node name="LeftLowerLeg" type="BoneAttachment3D" parent="VVVV_200502/Armature/GeneralSkeleton/ManyBoneIK3D"]
transform = Transform3D(-0.979095, 0.143106, -0.144545, -0.150122, -0.987906, 0.0388002, -0.137244, 0.0596884, 0.988737, 0.0724201, 0.415973, 0.0176932)
bone_name = "LeftLowerLeg"
bone_idx = 48
use_external_skeleton = true
external_skeleton = NodePath("../../../../../vrm_1_vsekai_godot_engine_humanoid_08/Root/Skeleton3D")

[node name="RightLowerLeg" type="BoneAttachment3D" parent="VVVV_200502/Armature/GeneralSkeleton/ManyBoneIK3D"]
transform = Transform3D(-0.977958, 0.205371, -0.0376811, -0.169372, -0.674729, 0.718368, 0.122108, 0.708917, 0.694641, 0.156573, 0.41888, -0.0113129)
bone_name = "RightLowerLeg"
bone_idx = 52
use_external_skeleton = true
external_skeleton = NodePath("../../../../../vrm_1_vsekai_godot_engine_humanoid_08/Root/Skeleton3D")

[node name="LeftFoot" type="BoneAttachment3D" parent="VVVV_200502/Armature/GeneralSkeleton/ManyBoneIK3D"]
transform = Transform3D(0.891145, 0.318882, -0.32276, 0.435591, -0.402228, 0.805279, 0.126966, -0.858211, -0.497345, 0.111706, 0.14477, 0.034079)
bone_name = "LeftFoot"
bone_idx = 49
use_external_skeleton = true
external_skeleton = NodePath("../../../../../vrm_1_vsekai_godot_engine_humanoid_08/Root/Skeleton3D")

[node name="RightFoot" type="BoneAttachment3D" parent="VVVV_200502/Armature/GeneralSkeleton/ManyBoneIK3D"]
transform = Transform3D(0.984729, -0.0275381, 0.171901, -0.0313202, -0.999322, 0.019328, 0.171252, -0.0244168, -0.984924, 0.212952, 0.233651, 0.183301)
bone_name = "RightFoot"
bone_idx = 53
use_external_skeleton = true
external_skeleton = NodePath("../../../../../vrm_1_vsekai_godot_engine_humanoid_08/Root/Skeleton3D")

[node name="LeftToes" type="BoneAttachment3D" parent="VVVV_200502/Armature/GeneralSkeleton/ManyBoneIK3D"]
transform = Transform3D(-0.891145, 0.259519, 0.372169, -0.435591, -0.259818, -0.861832, -0.126966, -0.930131, 0.34458, 0.165466, 0.054961, -0.0351342)
bone_name = "LeftToes"
bone_idx = 50
use_external_skeleton = true
external_skeleton = NodePath("../../../../../vrm_1_vsekai_godot_engine_humanoid_08/Root/Skeleton3D")

[node name="RightToes" type="BoneAttachment3D" parent="VVVV_200502/Armature/GeneralSkeleton/ManyBoneIK3D"]
transform = Transform3D(-0.984729, -0.0269447, -0.171995, 0.0313202, -0.99925, -0.0227767, -0.171252, -0.0278158, 0.984834, 0.200352, 0.119993, 0.234967)
bone_name = "RightToes"
bone_idx = 54
use_external_skeleton = true
external_skeleton = NodePath("../../../../../vrm_1_vsekai_godot_engine_humanoid_08/Root/Skeleton3D")

[node name="Head" type="BoneAttachment3D" parent="VVVV_200502/Armature/GeneralSkeleton/ManyBoneIK3D"]
transform = Transform3D(-0.915712, 0.0428986, -0.399538, -0.00684101, 0.992476, 0.122242, 0.401776, 0.114672, -0.90853, 0.0970413, 1.0847, -0.0935385)
bone_name = "Head"
bone_idx = 5
use_external_skeleton = true
external_skeleton = NodePath("../../../../../vrm_1_vsekai_godot_engine_humanoid_08/Root/Skeleton3D")

[node name="Neck" type="BoneAttachment3D" parent="VVVV_200502/Armature/GeneralSkeleton/ManyBoneIK3D"]
transform = Transform3D(-0.975226, 0.166073, -0.146131, 0.196447, 0.953885, -0.226962, 0.1017, -0.250047, -0.962878, 0.0817488, 0.99686, -0.0705135)
bone_name = "Neck"
bone_idx = 4
use_external_skeleton = true
external_skeleton = NodePath("../../../../../vrm_1_vsekai_godot_engine_humanoid_08/Root/Skeleton3D")

[node name="Head" parent="VVVV_200502/Armature/GeneralSkeleton" index="4"]
transform = Transform3D(-0.927447, 0.284015, -0.243266, 0.29511, 0.955415, -0.00964672, 0.22968, -0.080737, -0.969912, 0.0911298, 0.976562, -0.12535)

[node name="Camera3D" type="Camera3D" parent="."]
transform = Transform3D(0.998535, 0.0159553, -0.0517096, 0, 0.955547, 0.29484, 0.0541152, -0.294408, 0.954147, 0.176118, 1.21459, 1.48047)

[node name="vrm_1_vsekai_godot_engine_humanoid_08" parent="." instance=ExtResource("3_jngiq")]

[node name="Skeleton3D" parent="vrm_1_vsekai_godot_engine_humanoid_08/Root" index="0"]
bones/0/rotation = Quaternion(-3.83595e-08, 4.24904e-08, -7.27192e-16, 1)
bones/1/position = Vector3(0.0653156, 0.635148, -0.00612053)
bones/1/rotation = Quaternion(0.0131861, -0.993511, 0.0752717, 0.0842442)
bones/2/position = Vector3(-1.13505e-10, 0.103594, -4.08618e-09)
bones/2/rotation = Quaternion(0.0135798, 0.0241855, 0.0625948, 0.997654)
bones/3/position = Vector3(3.7835e-09, 0.0778644, -9.68576e-09)
bones/3/rotation = Quaternion(-0.00756773, -0.0256291, -0.00260688, 0.999639)
bones/3/scale = Vector3(1, 1, 1)
bones/4/position = Vector3(-3.0268e-10, 0.186876, -1.69501e-08)
bones/4/rotation = Quaternion(0.0291838, -0.0117448, 0.0501719, 0.998245)
bones/4/scale = Vector3(1, 1, 1)
bones/5/position = Vector3(-2.42144e-09, 0.0920831, -1.6042e-08)
bones/5/rotation = Quaternion(-0.15964, 0.147625, -0.109249, 0.969942)
bones/5/scale = Vector3(1, 1, 1)
bones/6/position = Vector3(0.0184165, 0.0230212, -1.32929e-08)
bones/6/rotation = Quaternion(0.707144, -3.69879e-05, 3.70365e-05, 0.70707)
bones/6/scale = Vector3(1, 1, 1)
bones/7/position = Vector3(-0.0184164, 0.0230212, -1.37969e-08)
bones/7/rotation = Quaternion(0.707144, 3.70134e-05, -3.69661e-05, 0.70707)
bones/7/scale = Vector3(1, 1, 1)
bones/8/rotation = Quaternion(-6.98492e-08, 4.65661e-09, -2.79397e-09, 1)
bones/8/scale = Vector3(1, 1, 1)
bones/9/position = Vector3(0.01625, 0.186876, -1.57885e-08)
bones/9/rotation = Quaternion(-0.538901, -0.45204, -0.556066, 0.44276)
bones/9/scale = Vector3(1, 1, 1)
bones/10/position = Vector3(1.2107e-09, 0.052, 1.19559e-07)
bones/10/rotation = Quaternion(-0.163475, 0.870089, -0.463862, 0.0324432)
bones/10/scale = Vector3(1, 1, 1)
bones/11/position = Vector3(-1.69501e-08, 0.207187, -1.22283e-07)
bones/11/rotation = Quaternion(0.251727, -0.658486, 0.37911, 0.59942)
bones/12/position = Vector3(-7.99075e-08, 0.16575, 1.81608e-08)
bones/12/rotation = Quaternion(-0.24394, 0.724589, -0.00715058, 0.644525)
bones/13/position = Vector3(-0.0194238, -1.67773e-07, -1.77174e-07)
bones/13/rotation = Quaternion(0.114754, 0.764382, 0.297443, 0.560428)
bones/13/scale = Vector3(1, 0.999392, 0.999392)
bones/14/position = Vector3(1.63709e-07, 0.022103, -0.00379242)
bones/14/rotation = Quaternion(0.176365, -0.00105484, -8.93138e-05, 0.984324)
bones/14/scale = Vector3(1, 1, 1)
bones/15/position = Vector3(1.0426e-07, 0.0165773, -0.00284417)
bones/15/rotation = Quaternion(0.159767, -0.00194197, -0.000164317, 0.987153)
bones/15/scale = Vector3(1, 1, 1)
bones/16/position = Vector3(-0.0194239, 0.0517966, -8.63702e-08)
bones/16/rotation = Quaternion(0.376032, 0.060548, -0.0453906, 0.923511)
bones/16/scale = Vector3(1, 1, 1)
bones/17/position = Vector3(7.8807e-09, 0.0191698, -1.66281e-08)
bones/17/rotation = Quaternion(0.329955, 0.00186042, 0.000682107, 0.943995)
bones/17/scale = Vector3(1, 1, 1)
bones/18/position = Vector3(-4.22649e-09, 0.014378, -7.11105e-08)
bones/18/rotation = Quaternion(0.339514, 0.00293843, 0.00107788, 0.940596)
bones/19/position = Vector3(-0.00647465, 0.0517966, -5.54259e-08)
bones/19/rotation = Quaternion(0.0144247, -0.0159055, -0.0033779, 0.999764)
bones/20/position = Vector3(1.39343e-08, 0.022399, -1.30852e-07)
bones/20/rotation = Quaternion(0.0126185, -0.011292, -0.00510809, 0.999844)
bones/21/position = Vector3(1.15129e-08, 0.0167986, -9.45306e-08)
bones/21/rotation = Quaternion(0.0126185, -0.011292, -0.0051081, 0.999844)
bones/21/scale = Vector3(1, 1, 1)
bones/22/position = Vector3(0.00647463, 0.0517966, -8.50176e-08)
bones/22/rotation = Quaternion(-0.00412832, -0.00134063, -0.00207367, 0.999988)
bones/22/scale = Vector3(1, 1, 1)
bones/23/position = Vector3(2.96736e-08, 0.0191698, 1.22017e-08)
bones/23/rotation = Quaternion(-0.0123893, -0.00391845, -0.00113955, 0.999915)
bones/23/scale = Vector3(1, 1, 1)
bones/24/position = Vector3(2.48308e-08, 0.014378, -4.107e-08)
bones/24/rotation = Quaternion(-0.00257306, -0.00380644, -0.00110731, 0.999989)
bones/25/position = Vector3(0.0194239, 0.0517966, -9.52377e-08)
bones/25/rotation = Quaternion(0.00507579, 0.00102452, -0.00757419, 0.999958)
bones/25/scale = Vector3(1, 1, 1)
bones/26/position = Vector3(1.03021e-08, 0.0145074, -1.12313e-07)
bones/26/rotation = Quaternion(0.0062883, 0.0154109, 0.00445116, 0.999852)
bones/26/scale = Vector3(1, 1, 1)
bones/27/position = Vector3(-3.32838e-08, 0.0108797, -8.08348e-08)
bones/27/rotation = Quaternion(0.00628831, 0.0154109, 0.00445115, 0.999852)
bones/27/scale = Vector3(1, 1, 1)
bones/28/position = Vector3(-0.01625, 0.186876, -1.47822e-08)
bones/28/rotation = Quaternion(-0.543976, 0.442679, 0.592618, 0.396143)
bones/28/scale = Vector3(1, 1, 1)
bones/29/position = Vector3(1.21073e-09, 0.052, 1.02684e-07)
bones/29/rotation = Quaternion(-0.128627, 0.886024, -0.431817, 0.10932)
bones/29/scale = Vector3(1, 1, 1)
bones/30/position = Vector3(2.48197e-08, 0.207188, -5.06989e-08)
bones/30/rotation = Quaternion(0.13713, 0.650745, -0.151397, 0.731304)
bones/30/scale = Vector3(1, 1, 1)
bones/31/position = Vector3(4.60074e-08, 0.16575, 6.29572e-08)
bones/31/rotation = Quaternion(-0.134803, -0.72311, -0.0391578, 0.676319)
bones/31/scale = Vector3(1, 1, 1)
bones/32/position = Vector3(0.0194241, 1.47702e-07, -1.00174e-07)
bones/32/rotation = Quaternion(0.113956, -0.764081, -0.297187, 0.561137)
bones/32/scale = Vector3(1, 0.999392, 0.999392)
bones/33/position = Vector3(-9.91459e-08, 0.0221018, -0.00379173)
bones/33/rotation = Quaternion(0.175084, 0.00112268, 9.37601e-05, 0.984553)
bones/33/scale = Vector3(1, 1, 1)
bones/34/position = Vector3(-1.04261e-07, 0.0165773, -0.00284416)
bones/34/rotation = Quaternion(0.158881, 0.00198138, 0.000165721, 0.987296)
bones/35/position = Vector3(0.0194239, 0.0517966, -1.84509e-08)
bones/35/rotation = Quaternion(0.242173, -0.0182961, 0.0197618, 0.969859)
bones/35/scale = Vector3(1, 1, 1)
bones/36/position = Vector3(-1.51451e-08, 0.0191699, -6.6873e-08)
bones/36/rotation = Quaternion(0.205583, 0.0118472, 0.00434923, 0.978558)
bones/36/scale = Vector3(1, 1, 1)
bones/37/position = Vector3(6.64788e-09, 0.014378, -7.41373e-08)
bones/37/rotation = Quaternion(0.21628, 0.0106906, 0.00392468, 0.976265)
bones/37/scale = Vector3(1, 1, 1)
bones/38/position = Vector3(0.00647464, 0.0517965, -7.7646e-09)
bones/38/rotation = Quaternion(-0.0182329, 0.01896, 0.00470999, 0.999643)
bones/38/scale = Vector3(1, 1, 1)
bones/39/position = Vector3(-9.09147e-09, 0.022399, -2.8848e-09)
bones/39/rotation = Quaternion(-0.0168701, 0.01234, 0.005571, 0.999766)
bones/39/scale = Vector3(1, 1, 1)
bones/40/position = Vector3(1.51229e-08, 0.0167986, -4.54964e-08)
bones/40/rotation = Quaternion(-0.016753, 0.012336, 0.005569, 0.999768)
bones/40/scale = Vector3(1, 1, 1)
bones/41/position = Vector3(-0.00647464, 0.0517966, 1.13968e-08)
bones/41/rotation = Quaternion(-0.00145786, 0.00148755, 0.00190671, 0.999996)
bones/41/scale = Vector3(1, 1, 1)
bones/42/position = Vector3(-1.51451e-08, 0.0191698, -1.19161e-07)
bones/42/rotation = Quaternion(-0.0107993, 0.00389682, 0.00113423, 0.999933)
bones/42/scale = Vector3(1, 1, 1)
bones/43/position = Vector3(-5.45931e-09, 0.014378, -7.2246e-08)
bones/43/rotation = Quaternion(-0.000139739, 0.00377534, 0.00109876, 0.999992)
bones/44/position = Vector3(-0.0194239, 0.0517965, -7.57956e-09)
bones/44/rotation = Quaternion(0.0751193, 0.00742442, -0.00173483, 0.997145)
bones/44/scale = Vector3(1, 1, 1)
bones/45/position = Vector3(-5.45931e-09, 0.0145074, -8.56777e-08)
bones/45/rotation = Quaternion(0.0696884, -0.0123522, -0.00356871, 0.997486)
bones/45/scale = Vector3(1, 1, 1)
bones/46/position = Vector3(-1.51451e-08, 0.0108797, -1.02628e-07)
bones/46/rotation = Quaternion(0.0696884, -0.0123522, -0.00356872, 0.997486)
bones/46/scale = Vector3(1, 1, 1)
bones/47/position = Vector3(0.0345313, 0.0517966, -1.84484e-09)
bones/47/rotation = Quaternion(-0.0992015, 0.0224069, 0.992936, 0.0611105)
bones/47/scale = Vector3(1, 1, 1)
bones/48/position = Vector3(4.01051e-09, 0.274523, 2.78465e-08)
bones/48/rotation = Quaternion(-0.00855695, 0.997907, 0.0162275, -0.062007)
bones/48/scale = Vector3(1, 1, 1)
bones/49/position = Vector3(3.93482e-09, 0.274523, -3.87431e-08)
bones/49/rotation = Quaternion(-0.129171, 0.830805, -0.536124, 0.075154)
bones/49/scale = Vector3(1, 1, 1)
bones/50/position = Vector3(1.81602e-09, 0.112666, -0.05525)
bones/50/rotation = Quaternion(-1.95515e-08, 0.996371, 0.085113, 1.9552e-07)
bones/51/position = Vector3(-0.0345313, 0.0517966, -3.58211e-09)
bones/51/rotation = Quaternion(-0.0407247, 0.0457157, 0.993503, 0.0959391)
bones/52/position = Vector3(-1.5134e-09, 0.274523, 2.73925e-08)
bones/52/rotation = Quaternion(-0.0162359, 0.928365, -0.370967, 0.0160519)
bones/53/position = Vector3(-3.02687e-10, 0.274523, -2.39874e-08)
bones/53/rotation = Quaternion(0.148868, 0.903449, -0.390109, -0.0971297)
bones/53/scale = Vector3(1, 1, 1)
bones/54/position = Vector3(1.89174e-08, 0.112666, -0.05525)
