[gd_scene load_steps=2 format=3 uid="uid://bvqp2fpph1fkp"]

[ext_resource type="PackedScene" uid="uid://dr078qoc13bwh" path="res://VVVV/VVVV_200502.vrm" id="1_hvq4u"]

[node name="VVVV_200502" instance=ExtResource("1_hvq4u")]
transform = Transform3D(1, 0, 0, 0, 1, 0, 0, 0, 1, 0.575825, 0, -0.0194337)
update_in_editor = true

[node name="GeneralSkeleton" parent="Armature" index="0"]
bones/0/position = Vector3(-0.000290782, 0.749456, -0.000743445)
bones/0/rotation = Quaternion(0.179795, -0.130846, 0.00970704, 0.974915)
bones/0/scale = Vector3(1, 1, 1)
bones/21/position = Vector3(0.0731263, -0.0284874, -0.00101876)
bones/21/rotation = Quaternion(-0.579183, 0.14708, 0.794548, -0.10774)
bones/21/scale = Vector3(1, 1, 1)
bones/22/position = Vector3(0.00965148, 0.278987, 0.0076475)
bones/22/rotation = Quaternion(-0.0467604, 0.701594, -0.079116, 0.706626)
bones/22/scale = Vector3(1, 1, 1)
bones/23/position = Vector3(-0.00889025, 0.337273, 0.000891945)
bones/23/rotation = Quaternion(-0.0742004, 0.782504, -0.618033, -0.0147676)
bones/23/scale = Vector3(1, 1, 1)
bones/33/position = Vector3(-0.07313, -0.028487, -0.00102139)
bones/33/rotation = Quaternion(-0.661947, 0.137838, 0.72946, -0.103512)
bones/33/scale = Vector3(1, 1, 1)
bones/34/position = Vector3(-0.00965254, 0.27899, 0.00764826)
bones/34/rotation = Quaternion(-0.0333031, 0.626334, -0.0601612, 0.776516)
bones/35/position = Vector3(0.00889197, 0.337273, 0.000894903)
bones/35/rotation = Quaternion(-0.0212786, 0.777927, -0.627678, 0.0199144)
bones/40/position = Vector3(1.03028e-08, 0.112506, 0.0258579)
bones/40/rotation = Quaternion(-0.0824936, 0.543717, 0.023029, 0.834887)
bones/40/scale = Vector3(1, 1, 1)
bones/41/position = Vector3(-9.1386e-09, 0.161971, -0.0285273)
bones/41/rotation = Quaternion(-0.0106046, -0.411208, -0.0284872, 0.911035)
bones/41/scale = Vector3(1, 1, 1)
bones/56/position = Vector3(0.045, 0.0170323, 9.31323e-09)
bones/56/rotation = Quaternion(-0.269058, -0.705854, -0.256898, 0.602811)
bones/56/scale = Vector3(1, 1, 1)
bones/57/position = Vector3(-3.7253e-09, 0.0339932, -0.00833464)
bones/57/rotation = Quaternion(-0.505585, 0.723361, -0.427328, 0.196273)
bones/57/scale = Vector3(1, 1, 1)
bones/58/position = Vector3(0.00010341, 0.176997, 0.00102091)
bones/58/rotation = Quaternion(0.304417, -0.551397, 0.372331, 0.681661)
bones/59/position = Vector3(0.000538945, 0.190014, -1.25207e-05)
bones/59/rotation = Quaternion(-0.0245955, 0.847608, -0.16567, 0.503498)
bones/59/scale = Vector3(1, 1, 1)
bones/85/position = Vector3(-3.64671e-08, 0.0395337, -0.000972135)
bones/85/rotation = Quaternion(0.0204074, -0.426067, 0.0389256, 0.903623)
bones/85/scale = Vector3(1, 1, 1)
bones/86/position = Vector3(1.90339e-08, 0.0563413, 0.0135837)
bones/86/rotation = Quaternion(-0.109338, 0.413841, -0.0686717, 0.901147)
bones/86/scale = Vector3(1, 1, 1)
bones/165/position = Vector3(-0.0450001, 0.0170305, 5.58793e-09)
bones/165/rotation = Quaternion(-0.27124, 0.700308, 0.246397, 0.612606)
bones/166/position = Vector3(-1.15484e-07, 0.0340878, -0.00793862)
bones/166/rotation = Quaternion(0.16789, 0.933291, -0.314522, 0.0430992)
bones/166/scale = Vector3(1, 1, 1)
bones/167/position = Vector3(-0.000102334, 0.176997, 0.00102484)
bones/167/rotation = Quaternion(0.00182773, 0.755355, 0.0227503, 0.654919)
bones/167/scale = Vector3(1, 1, 1)
bones/168/position = Vector3(-0.000538349, 0.190013, -1.11684e-05)
bones/168/rotation = Quaternion(0.267816, -0.701773, -0.192742, 0.631379)
bones/201/position = Vector3(-0.575825, 0, 0.0194337)
bones/201/rotation = Quaternion(-0.000609185, 2.3873e-06, -0.00317166, 0.999995)
bones/201/scale = Vector3(1, 1, 1)

[node name="Head" parent="Armature/GeneralSkeleton" index="3"]
transform = Transform3D(0.999862, 0.0160198, -0.00447645, -0.016148, 0.999412, -0.0302453, 0.0039893, 0.0303134, 0.999532, -0.657161, 1.09238, 0.118721)

[node name="ManyBoneIK3D" type="ManyBoneIK3D" parent="Armature/GeneralSkeleton" index="4"]
process_priority = 1
process_thread_group = 2
process_thread_group_order = 100
process_thread_messages = 0
constraint_count = 20
constraints/0/bone_name = &"Hips"
constraints/0/resistance = 0.5
constraints/0/twist_from = 0.0
constraints/0/twist_range = 6.28319
constraints/0/twist_current = null
constraints/0/kusudama_limit_cone_count = 1
constraints/0/kusudama_limit_cone/0/center = Vector3(0, 0, 1)
constraints/0/kusudama_limit_cone/0/radius = 0.0523599
constraints/0/kusudama_twist = Transform3D(1, 0, 0, 0, 1, 0, 0, 0, 1, 0, 0, 0)
constraints/0/kusudama_orientation = Transform3D(1, 0, 0, 0, 1, 0, 0, 0, 1, -0.000290782, 0.749456, -0.000743445)
constraints/0/bone_direction = Transform3D(1, 6.10636e-05, 1.25427e-05, -6.10636e-05, 0.919034, 0.394178, 1.25427e-05, -0.394178, 0.919034, 0, 0, 0)
constraints/1/bone_name = &"LeftUpperLeg"
constraints/1/resistance = 0.8
constraints/1/twist_from = 5.23599
constraints/1/twist_range = 0.174533
constraints/1/twist_current = null
constraints/1/kusudama_limit_cone_count = 1
constraints/1/kusudama_limit_cone/0/center = Vector3(0, 0, -1)
constraints/1/kusudama_limit_cone/0/radius = 0.436332
constraints/1/kusudama_twist = Transform3D(1, 0, 0, 0, 1, 0, 0, 0, 1, 0, 0, 0)
constraints/1/kusudama_orientation = Transform3D(1, 0, 0, 0, 1, 0, 0, 0, 1, 0.0731263, -0.0284874, -0.00101876)
constraints/1/bone_direction = Transform3D(0.999402, -0.0345611, -0.000473458, 0.0345611, 0.999027, 0.027385, -0.000473458, -0.027385, 0.999625, 0, 0, 0)
constraints/2/bone_name = &"LeftLowerLeg"
constraints/2/resistance = 0.0
constraints/2/twist_from = 0.0
constraints/2/twist_range = 6.28319
constraints/2/twist_current = null
constraints/2/kusudama_limit_cone_count = 3
constraints/2/kusudama_limit_cone/0/center = Vector3(0, 0, 1)
constraints/2/kusudama_limit_cone/0/radius = 0.0436332
constraints/2/kusudama_limit_cone/1/center = Vector3(0, 1, 0)
constraints/2/kusudama_limit_cone/1/radius = 0.0436332
constraints/2/kusudama_limit_cone/2/center = Vector3(0, 0, -1)
constraints/2/kusudama_limit_cone/2/radius = 0.0436332
constraints/2/kusudama_twist = Transform3D(1, 0, 0, 0, 1, 0, 0, 0, 1, 0, 0, 0)
constraints/2/kusudama_orientation = Transform3D(1, 0, 0, 0, 1, 0, 0, 0, 1, 0.00965148, 0.278987, 0.0076475)
constraints/2/bone_direction = Transform3D(0.999653, 0.02635, 3.48362e-05, -0.02635, 0.999649, 0.00264365, 3.48362e-05, -0.00264365, 0.999997, 0, 0, 0)
constraints/3/bone_name = &"LeftFoot"
constraints/3/resistance = 0.0
constraints/3/twist_from = 0.0
constraints/3/twist_range = 6.28319
constraints/3/twist_current = null
constraints/3/kusudama_limit_cone_count = 4
constraints/3/kusudama_limit_cone/0/center = Vector3(0, -0.707107, 0.707107)
constraints/3/kusudama_limit_cone/0/radius = 0.0436332
constraints/3/kusudama_limit_cone/1/center = Vector3(0, 0, -1)
constraints/3/kusudama_limit_cone/1/radius = 0.0
constraints/3/kusudama_limit_cone/2/center = Vector3(0, 0.707107, -0.707107)
constraints/3/kusudama_limit_cone/2/radius = 0.0436332
constraints/3/kusudama_limit_cone/3/center = Vector3(0, 0, -1)
constraints/3/kusudama_limit_cone/3/radius = 0.0
constraints/3/kusudama_twist = Transform3D(1, 0, 0, 0, 1, 0, 0, 0, 1, 0, 0, 0)
constraints/3/kusudama_orientation = Transform3D(1, 0, 0, 0, 1, 0, 0, 0, 1, -0.00889025, 0.337273, 0.000891945)
constraints/3/bone_direction = Transform3D(0.999828, -0.016397, 0.00871039, 0.016397, 0.559695, -0.828537, 0.00871039, 0.828537, 0.559867, 0, 0, 0)
constraints/4/bone_name = &"RightUpperLeg"
constraints/4/resistance = 0.8
constraints/4/twist_from = 5.23599
constraints/4/twist_range = 0.174533
constraints/4/twist_current = null
constraints/4/kusudama_limit_cone_count = 1
constraints/4/kusudama_limit_cone/0/center = Vector3(0, 0, -1)
constraints/4/kusudama_limit_cone/0/radius = 0.436332
constraints/4/kusudama_twist = Transform3D(1, 0, 0, 0, 1, 0, 0, 0, 1, 0, 0, 0)
constraints/4/kusudama_orientation = Transform3D(1, 0, 0, 0, 1, 0, 0, 0, 1, -0.07313, -0.028487, -0.00102139)
constraints/4/bone_direction = Transform3D(0.999402, 0.0345645, 0.000473547, -0.0345645, 0.999027, 0.0273874, 0.000473547, -0.0273874, 0.999625, 0, 0, 0)
constraints/5/bone_name = &"RightLowerLeg"
constraints/5/resistance = 0.0
constraints/5/twist_from = 0.0
constraints/5/twist_range = 6.28319
constraints/5/twist_current = null
constraints/5/kusudama_limit_cone_count = 3
constraints/5/kusudama_limit_cone/0/center = Vector3(0, 0, 1)
constraints/5/kusudama_limit_cone/0/radius = 0.0436332
constraints/5/kusudama_limit_cone/1/center = Vector3(0, 1, 0)
constraints/5/kusudama_limit_cone/1/radius = 0.0436332
constraints/5/kusudama_limit_cone/2/center = Vector3(0, 0, -1)
constraints/5/kusudama_limit_cone/2/radius = 0.0436332
constraints/5/kusudama_twist = Transform3D(1, 0, 0, 0, 1, 0, 0, 0, 1, 0, 0, 0)
constraints/5/kusudama_orientation = Transform3D(1, 0, 0, 0, 1, 0, 0, 0, 1, -0.00965254, 0.27899, 0.00764826)
constraints/5/bone_direction = Transform3D(0.999653, -0.0263551, -3.49585e-05, 0.0263551, 0.999649, 0.00265242, -3.49585e-05, -0.00265242, 0.999996, 0, 0, 0)
constraints/6/bone_name = &"RightFoot"
constraints/6/resistance = 0.0
constraints/6/twist_from = 0.0
constraints/6/twist_range = 6.28319
constraints/6/twist_current = null
constraints/6/kusudama_limit_cone_count = 4
constraints/6/kusudama_limit_cone/0/center = Vector3(0, -0.707107, 0.707107)
constraints/6/kusudama_limit_cone/0/radius = 0.0436332
constraints/6/kusudama_limit_cone/1/center = Vector3(0, 0, -1)
constraints/6/kusudama_limit_cone/1/radius = 0.0
constraints/6/kusudama_limit_cone/2/center = Vector3(0, 0.707107, -0.707107)
constraints/6/kusudama_limit_cone/2/radius = 0.0436332
constraints/6/kusudama_limit_cone/3/center = Vector3(0, 0, -1)
constraints/6/kusudama_limit_cone/3/radius = 0.0
constraints/6/kusudama_twist = Transform3D(1, 0, 0, 0, 1, 0, 0, 0, 1, 0, 0, 0)
constraints/6/kusudama_orientation = Transform3D(1, 0, 0, 0, 1, 0, 0, 0, 1, 0.00889197, 0.337273, 0.000894903)
constraints/6/bone_direction = Transform3D(0.998765, 0.0441516, -0.0227996, -0.0441516, 0.577977, -0.814858, -0.0227996, 0.814858, 0.579212, 0, 0, 0)
constraints/7/bone_name = &"Spine"
constraints/7/resistance = 0.5
constraints/7/twist_from = 0.0698132
constraints/7/twist_range = 6.28319
constraints/7/twist_current = null
constraints/7/kusudama_limit_cone_count = 1
constraints/7/kusudama_limit_cone/0/center = Vector3(0, 0, 1)
constraints/7/kusudama_limit_cone/0/radius = 0.0523599
constraints/7/kusudama_twist = Transform3D(1, 0, 0, 0, 1, 0, 0, 0, 1, 0, 0, 0)
constraints/7/kusudama_orientation = Transform3D(1, 0, 0, 0, 1, 0, 0, 0, 1, 1.03028e-08, 0.112506, 0.0258579)
constraints/7/bone_direction = Transform3D(1, 5.5566e-08, -4.85593e-09, -5.5566e-08, 0.984842, -0.173456, -4.85593e-09, 0.173456, 0.984842, 0, 0, 0)
constraints/8/bone_name = &"Chest"
constraints/8/resistance = 0.5
constraints/8/twist_from = 0.0872665
constraints/8/twist_range = 6.28319
constraints/8/twist_current = null
constraints/8/kusudama_limit_cone_count = 1
constraints/8/kusudama_limit_cone/0/center = Vector3(0, 0, 1)
constraints/8/kusudama_limit_cone/0/radius = 0.0523599
constraints/8/kusudama_twist = Transform3D(1, 0, 0, 0, 1, 0, 0, 0, 1, 0, 0, 0)
constraints/8/kusudama_orientation = Transform3D(1, 0, 0, 0, 1, 0, 0, 0, 1, -9.1386e-09, 0.161971, -0.0285273)
constraints/8/bone_direction = Transform3D(1, 1.8541e-06, -1.22447e-08, -1.8541e-06, 0.999913, -0.0132076, -1.22447e-08, 0.0132076, 0.999913, 0, 0, 0)
constraints/9/bone_name = &"LeftShoulder"
constraints/9/resistance = 0.0
constraints/9/twist_from = 0.0
constraints/9/twist_range = 6.28319
constraints/9/twist_current = null
constraints/9/kusudama_limit_cone_count = 1
constraints/9/kusudama_limit_cone/0/center = Vector3(0, 0, 1)
constraints/9/kusudama_limit_cone/0/radius = 0.523599
constraints/9/kusudama_twist = Transform3D(1, 0, 0, 0, 1, 0, 0, 0, 1, 0, 0, 0)
constraints/9/kusudama_orientation = Transform3D(1, 0, 0, 0, 1, 0, 0, 0, 1, 0.045, 0.0170323, 9.31323e-09)
constraints/9/bone_direction = Transform3D(1, 1.06437e-07, -1.2858e-08, -1.06437e-07, 0.971233, -0.238132, -1.2858e-08, 0.238132, 0.971233, 0, 0, 0)
constraints/10/bone_name = &"LeftUpperArm"
constraints/10/resistance = 0.3
constraints/10/twist_from = 1.39626
constraints/10/twist_range = 0.20944
constraints/10/twist_current = null
constraints/10/kusudama_limit_cone_count = 1
constraints/10/kusudama_limit_cone/0/center = Vector3(0, 0, 1)
constraints/10/kusudama_limit_cone/0/radius = 1.5708
constraints/10/kusudama_twist = Transform3D(1, 0, 0, 0, 1, 0, 0, 0, 1, 0, 0, 0)
constraints/10/kusudama_orientation = Transform3D(1, 0, 0, 0, 1, 0, 0, 0, 1, -3.7253e-09, 0.0339932, -0.00833464)
constraints/10/bone_direction = Transform3D(1, -0.000584237, -1.68491e-06, 0.000584237, 0.999983, 0.00576785, -1.68491e-06, -0.00576785, 0.999983, 0, 0, 0)
constraints/11/bone_name = &"LeftLowerArm"
constraints/11/resistance = 0.4
constraints/11/twist_from = -0.959931
constraints/11/twist_range = 0.872665
constraints/11/twist_current = null
constraints/11/kusudama_limit_cone_count = 3
constraints/11/kusudama_limit_cone/0/center = Vector3(0, 0, 1)
constraints/11/kusudama_limit_cone/0/radius = 0.0436332
constraints/11/kusudama_limit_cone/1/center = Vector3(-1, 0, 0)
constraints/11/kusudama_limit_cone/1/radius = 0.0436332
constraints/11/kusudama_limit_cone/2/center = Vector3(0, 0, -1)
constraints/11/kusudama_limit_cone/2/radius = 0.0436332
constraints/11/kusudama_twist = Transform3D(1, 0, 0, 0, 1, 0, 0, 0, 1, 0, 0, 0)
constraints/11/kusudama_orientation = Transform3D(1, 0, 0, 0, 1, 0, 0, 0, 1, 0.00010341, 0.176997, 0.00102091)
constraints/11/bone_direction = Transform3D(0.999996, -0.00283633, 9.34478e-08, 0.00283633, 0.999996, -6.58933e-05, 9.34478e-08, 6.58933e-05, 1, 0, 0, 0)
constraints/12/bone_name = &"LeftHand"
constraints/12/resistance = 0.0
constraints/12/twist_from = 0.0
constraints/12/twist_range = 6.28319
constraints/12/twist_current = null
constraints/12/kusudama_limit_cone_count = 8
constraints/12/kusudama_limit_cone/0/center = Vector3(0, 0.707107, 0.707107)
constraints/12/kusudama_limit_cone/0/radius = 1.13446
constraints/12/kusudama_limit_cone/1/center = Vector3(0, 0, 1)
constraints/12/kusudama_limit_cone/1/radius = 0.0
constraints/12/kusudama_limit_cone/2/center = Vector3(0, -0.707107, 0.707107)
constraints/12/kusudama_limit_cone/2/radius = 1.22173
constraints/12/kusudama_limit_cone/3/center = Vector3(0, 0, 1)
constraints/12/kusudama_limit_cone/3/radius = 0.0
constraints/12/kusudama_limit_cone/4/center = Vector3(0.707107, 0, 0.707107)
constraints/12/kusudama_limit_cone/4/radius = 0.698132
constraints/12/kusudama_limit_cone/5/center = Vector3(0, 0, 1)
constraints/12/kusudama_limit_cone/5/radius = 0.0
constraints/12/kusudama_limit_cone/6/center = Vector3(-0.707107, 0, 0.707107)
constraints/12/kusudama_limit_cone/6/radius = 0.785398
constraints/12/kusudama_limit_cone/7/center = Vector3(0, 0, 1)
constraints/12/kusudama_limit_cone/7/radius = 0.0
constraints/12/kusudama_twist = Transform3D(1, 0, 0, 0, 1, 0, 0, 0, 1, 0, 0, 0)
constraints/12/kusudama_orientation = Transform3D(1, 0, 0, 0, 1, 0, 0, 0, 1, 0.000538945, 0.190014, -1.25207e-05)
constraints/12/bone_direction = Transform3D(0.999942, -0.0107755, 0.000486196, 0.0107755, 0.995878, -0.0900551, 0.000486196, 0.0900551, 0.995937, 0, 0, 0)
constraints/13/bone_name = &"Neck"
constraints/13/resistance = 0.6
constraints/13/twist_from = 0.261799
constraints/13/twist_range = 6.28319
constraints/13/twist_current = null
constraints/13/kusudama_limit_cone_count = 1
constraints/13/kusudama_limit_cone/0/center = Vector3(0, 0, 1)
constraints/13/kusudama_limit_cone/0/radius = 0.174533
constraints/13/kusudama_twist = Transform3D(1, 0, 0, 0, 1, 0, 0, 0, 1, 0, 0, 0)
constraints/13/kusudama_orientation = Transform3D(1, 0, 0, 0, 1, 0, 0, 0, 1, -3.64671e-08, 0.0395337, -0.000972135)
constraints/13/bone_direction = Transform3D(1, -3.28422e-07, -3.90315e-08, 3.28422e-07, 0.972145, 0.234381, -3.90315e-08, -0.234381, 0.972145, 0, 0, 0)
constraints/14/bone_name = &"Head"
constraints/14/resistance = 0.7
constraints/14/twist_from = 0.261799
constraints/14/twist_range = 0.261799
constraints/14/twist_current = null
constraints/14/kusudama_limit_cone_count = 1
constraints/14/kusudama_limit_cone/0/center = Vector3(0, 0, 1)
constraints/14/kusudama_limit_cone/0/radius = 0.261799
constraints/14/kusudama_twist = Transform3D(1, 0, 0, 0, 1, 0, 0, 0, 1, 0, 0, 0)
constraints/14/kusudama_orientation = Transform3D(1, 0, 0, 0, 1, 0, 0, 0, 1, 1.90339e-08, 0.0563413, 0.0135837)
constraints/14/bone_direction = Transform3D(1, -0.000464458, -1.36255e-06, 0.000464458, 0.999983, 0.0058672, -1.36255e-06, -0.0058672, 0.999983, 0, 0, 0)
constraints/15/bone_name = &"RightShoulder"
constraints/15/resistance = 0.0
constraints/15/twist_from = 0.0
constraints/15/twist_range = 6.28319
constraints/15/twist_current = null
constraints/15/kusudama_limit_cone_count = 1
constraints/15/kusudama_limit_cone/0/center = Vector3(0, 0, 1)
constraints/15/kusudama_limit_cone/0/radius = 0.523599
constraints/15/kusudama_twist = Transform3D(1, 0, 0, 0, 1, 0, 0, 0, 1, 0, 0, 0)
constraints/15/kusudama_orientation = Transform3D(1, 0, 0, 0, 1, 0, 0, 0, 1, -0.0450001, 0.0170305, 5.58793e-09)
constraints/15/bone_direction = Transform3D(1, 3.29954e-06, -3.79138e-07, -3.29954e-06, 0.973937, -0.226818, -3.79138e-07, 0.226818, 0.973937, 0, 0, 0)
constraints/16/bone_name = &"RightUpperArm"
constraints/16/resistance = 0.3
constraints/16/twist_from = 1.39626
constraints/16/twist_range = 0.20944
constraints/16/twist_current = null
constraints/16/kusudama_limit_cone_count = 1
constraints/16/kusudama_limit_cone/0/center = Vector3(0, 0, 1)
constraints/16/kusudama_limit_cone/0/radius = 1.5708
constraints/16/kusudama_twist = Transform3D(1, 0, 0, 0, 1, 0, 0, 0, 1, 0, 0, 0)
constraints/16/kusudama_orientation = Transform3D(1, 0, 0, 0, 1, 0, 0, 0, 1, -1.15484e-07, 0.0340878, -0.00793862)
constraints/16/bone_direction = Transform3D(1, 0.000578158, 1.6738e-06, -0.000578158, 0.999983, 0.00579006, 1.6738e-06, -0.00579006, 0.999983, 0, 0, 0)
constraints/17/bone_name = &"RightLowerArm"
constraints/17/resistance = 0.4
constraints/17/twist_from = -2.53073
constraints/17/twist_range = 0.872665
constraints/17/twist_current = null
constraints/17/kusudama_limit_cone_count = 3
constraints/17/kusudama_limit_cone/0/center = Vector3(0, 0, 1)
constraints/17/kusudama_limit_cone/0/radius = 0.0436332
constraints/17/kusudama_limit_cone/1/center = Vector3(0, 0, 1)
constraints/17/kusudama_limit_cone/1/radius = 0.0436332
constraints/17/kusudama_limit_cone/2/center = Vector3(0, 0, -1)
constraints/17/kusudama_limit_cone/2/radius = 0.0436332
constraints/17/kusudama_twist = Transform3D(1, 0, 0, 0, 1, 0, 0, 0, 1, 0, 0, 0)
constraints/17/kusudama_orientation = Transform3D(1, 0, 0, 0, 1, 0, 0, 0, 1, -0.000102334, 0.176997, 0.00102484)
constraints/17/bone_direction = Transform3D(0.999996, 0.00283321, -8.32637e-08, -0.00283321, 0.999996, -5.87768e-05, -8.32637e-08, 5.87768e-05, 1, 0, 0, 0)
constraints/18/bone_name = &"RightHand"
constraints/18/resistance = 0.0
constraints/18/twist_from = 0.0
constraints/18/twist_range = 6.28319
constraints/18/twist_current = null
constraints/18/kusudama_limit_cone_count = 8
constraints/18/kusudama_limit_cone/0/center = Vector3(0, 0.707107, 0.707107)
constraints/18/kusudama_limit_cone/0/radius = 1.13446
constraints/18/kusudama_limit_cone/1/center = Vector3(0, 0, 1)
constraints/18/kusudama_limit_cone/1/radius = 0.0
constraints/18/kusudama_limit_cone/2/center = Vector3(0, -0.707107, 0.707107)
constraints/18/kusudama_limit_cone/2/radius = 1.22173
constraints/18/kusudama_limit_cone/3/center = Vector3(0, 0, 1)
constraints/18/kusudama_limit_cone/3/radius = 0.0
constraints/18/kusudama_limit_cone/4/center = Vector3(0.707107, 0, 0.707107)
constraints/18/kusudama_limit_cone/4/radius = 0.698132
constraints/18/kusudama_limit_cone/5/center = Vector3(0, 0, 1)
constraints/18/kusudama_limit_cone/5/radius = 0.0
constraints/18/kusudama_limit_cone/6/center = Vector3(-0.707107, 0, 0.707107)
constraints/18/kusudama_limit_cone/6/radius = 0.785398
constraints/18/kusudama_limit_cone/7/center = Vector3(0, 0, 1)
constraints/18/kusudama_limit_cone/7/radius = 0.0
constraints/18/kusudama_twist = Transform3D(1, 0, 0, 0, 1, 0, 0, 0, 1, 0, 0, 0)
constraints/18/kusudama_orientation = Transform3D(1, 0, 0, 0, 1, 0, 0, 0, 1, -0.000538349, 0.190013, -1.11684e-05)
constraints/18/bone_direction = Transform3D(0.899874, -0.436107, -0.00614273, 0.436107, 0.899497, 0.0267551, -0.00614273, -0.0267551, 0.999623, 0, 0, 0)
constraints/19/bone_name = &"Root"
constraints/19/resistance = 0.5
constraints/19/twist_from = 0.0
constraints/19/twist_range = 6.28319
constraints/19/twist_current = null
constraints/19/kusudama_limit_cone_count = 1
constraints/19/kusudama_limit_cone/0/center = Vector3(0, 0, 1)
constraints/19/kusudama_limit_cone/0/radius = 0.0523599
constraints/19/kusudama_twist = Transform3D(1, 0, 0, 0, 1, 0, 0, 0, 1, 0, 0, 0)
constraints/19/kusudama_orientation = Transform3D(1, 0, 0, 0, 1, 0, 0, 0, 1, -0.575825, 0, 0.0194337)
constraints/19/bone_direction = Transform3D(1, 0.000387991, -1.92439e-07, -0.000387991, 0.999999, -0.000991979, -1.92439e-07, 0.000991979, 1, 0, 0, 0)
pin_count = 12
pins/0/bone_name = "Root"
pins/0/target_node = NodePath("Root")
pins/0/passthrough_factor = 0.0
pins/0/weight = 1.0
pins/0/direction_priorities = Vector3(0.2, 0, 0.2)
pins/1/bone_name = "Hips"
pins/1/target_node = NodePath("Hips")
pins/1/passthrough_factor = 1.0
pins/1/weight = 1.0
pins/1/direction_priorities = Vector3(0.2, 0, 0.2)
pins/2/bone_name = "Chest"
pins/2/target_node = NodePath("Chest")
pins/2/passthrough_factor = 1.0
pins/2/weight = 1.0
pins/2/direction_priorities = Vector3(0.2, 0, 0.2)
pins/3/bone_name = "Head"
pins/3/target_node = NodePath("Head")
pins/3/passthrough_factor = 1.0
pins/3/weight = 1.0
pins/3/direction_priorities = Vector3(0.2, 0, 0.2)
pins/4/bone_name = "LeftShoulder"
pins/4/target_node = NodePath("LeftShoulder")
pins/4/passthrough_factor = 1.0
pins/4/weight = 1.0
pins/4/direction_priorities = Vector3(0.2, 0, 0.2)
pins/5/bone_name = "LeftHand"
pins/5/target_node = NodePath("LeftHand")
pins/5/passthrough_factor = 1.0
pins/5/weight = 1.0
pins/5/direction_priorities = Vector3(0.2, 0, 0.2)
pins/6/bone_name = "RightShoulder"
pins/6/target_node = NodePath("RightShoulder")
pins/6/passthrough_factor = 1.0
pins/6/weight = 1.0
pins/6/direction_priorities = Vector3(0.2, 0, 0.2)
pins/7/bone_name = "RightHand"
pins/7/target_node = NodePath("RightHand")
pins/7/passthrough_factor = 1.0
pins/7/weight = 1.0
pins/7/direction_priorities = Vector3(0.2, 0, 0.2)
pins/8/bone_name = "LeftLowerLeg"
pins/8/target_node = NodePath("LeftLowerLeg")
pins/8/passthrough_factor = 1.0
pins/8/weight = 1.0
pins/8/direction_priorities = Vector3(0.2, 0, 0.2)
pins/9/bone_name = "LeftFoot"
pins/9/target_node = NodePath("LeftFoot")
pins/9/passthrough_factor = 1.0
pins/9/weight = 1.0
pins/9/direction_priorities = Vector3(0.2, 0, 0.2)
pins/10/bone_name = "RightLowerLeg"
pins/10/target_node = NodePath("RightLowerLeg")
pins/10/passthrough_factor = 1.0
pins/10/weight = 1.0
pins/10/direction_priorities = Vector3(0.2, 0, 0.2)
pins/11/bone_name = "RightFoot"
pins/11/target_node = NodePath("RightFoot")
pins/11/passthrough_factor = 1.0
pins/11/weight = 1.0
pins/11/direction_priorities = Vector3(0.2, 0, 0.2)

[node name="Root" type="Marker3D" parent="Armature/GeneralSkeleton/ManyBoneIK3D" index="0"]
transform = Transform3D(1, 0, 0, 0, 1, 0, 0, 0, 1, -0.575825, 0, 0.0194337)

[node name="Hips" type="Marker3D" parent="Armature/GeneralSkeleton/ManyBoneIK3D" index="1"]
transform = Transform3D(1, 0, 0, 0, 1, 0, 0, 0, 1, -0.576115, 0.749456, 0.0186903)

[node name="Chest" type="Marker3D" parent="Armature/GeneralSkeleton/ManyBoneIK3D" index="2"]
transform = Transform3D(1, 0, 0, 0, 1, 0, 0, 0, 1, -0.576115, 1.02393, 0.0160209)

[node name="Head" type="Marker3D" parent="Armature/GeneralSkeleton/ManyBoneIK3D" index="3"]
transform = Transform3D(1, 0, 0, 0, 1, 0, 0, 0, 1, -0.576115, 1.11981, 0.0286325)

[node name="LeftShoulder" type="Marker3D" parent="Armature/GeneralSkeleton/ManyBoneIK3D" index="4"]
transform = Transform3D(0, 1, 0, 0, 0, 1, 1, 0, 0, -0.531115, 1.04097, 0.016021)

[node name="LeftHand" type="Marker3D" parent="Armature/GeneralSkeleton/ManyBoneIK3D" index="5"]
transform = Transform3D(0, 1, 0, 0, 0, -1, -1, 0, 0, -0.130111, 1.03107, 0.015905)

[node name="RightShoulder" type="Marker3D" parent="Armature/GeneralSkeleton/ManyBoneIK3D" index="6"]
transform = Transform3D(0, -1, 0, 0, 0, 1, -1, 0, 0, -0.621115, 1.04096, 0.0160209)

[node name="RightHand" type="Marker3D" parent="Armature/GeneralSkeleton/ManyBoneIK3D" index="7"]
transform = Transform3D(0, -1, 0, 0, 0, -1, 1, 0, 0, -1.02221, 1.03146, 0.0159076)

[node name="LeftLowerLeg" type="Marker3D" parent="Armature/GeneralSkeleton/ManyBoneIK3D" index="8"]
transform = Transform3D(1, 0, 0, 0, -1, 0, 0, 0, -1, -0.51264, 0.441982, 0.025319)

[node name="LeftFoot" type="Marker3D" parent="Armature/GeneralSkeleton/ManyBoneIK3D" index="9"]
transform = Transform3D(-1, 0, 0, 0, 0, 1, 0, 1, 0, -0.449272, -0.0707644, 0.0670125)

[node name="RightLowerLeg" type="Marker3D" parent="Armature/GeneralSkeleton/ManyBoneIK3D" index="10"]
transform = Transform3D(1, 0, 0, 0, -1, 0, 0, 0, -1, -0.639593, 0.441979, 0.0253172)

[node name="RightFoot" type="Marker3D" parent="Armature/GeneralSkeleton/ManyBoneIK3D" index="11"]
transform = Transform3D(-1, 0, 0, 0, 0, 1, 0, 1, 0, -0.630701, 0.104707, 0.0244223)
